data.091:
200 10
17 30 28 15 52 5 53 55 81 47
37 26 82 67 82 44 43 65 44 51
22 2 88 57 17 2 43 38 46 44
71 29 33 64 66 98 56 76 3 27
79 98 69 23 62 27 48 45 93 76
37 67 28 9 57 10 83 99 14 4
69 92 92 1 58 25 34 84 86 76
53 51 66 2 91 27 93 67 23 49
59 53 92 43 42 41 95 40 59 5
64 82 30 73 69 59 48 93 47 25
11 86 67 94 48 89 63 70 76 23
67 47 53 96 46 36 93 45 45 67
27 36 93 78 18 62 91 75 64 55
64 23 45 14 94 29 94 91 10 40
59 34 7 32 83 17 32 21 4 58
31 66 70 23 48 37 81 72 29 26
43 43 58 83 81 35 69 15 69 36
42 71 58 29 57 47 29 73 46 83
56 31 17 75 93 37 44 43 68 65
88 36 41 55 67 52 2 62 89 91
71 41 56 91 19 3 66 40 48 77
86 6 34 44 65 87 25 43 68 62
6 28 62 46 49 4 60 96 13 6
54 43 81 59 45 50 69 39 36 57
92 18 44 11 22 96 44 23 85 87
75 64 95 20 92 74 34 79 35 4
83 28 50 68 41 68 68 66 25 11
2 13 88 3 38 30 77 19 21 60
60 7 19 17 26 69 31 41 44 23
62 13 50 55 2 17 10 71 40 87
83 93 25 59 90 34 57 60 20 50
73 93 88 18 79 95 21 72 83 18
55 56 1 31 17 3 56 62 76 23
3 72 6 84 61 24 36 17 26 24
71 71 45 61 81 51 26 25 50 82
34 28 29 55 67 55 11 59 98 16
40 95 2 46 18 60 6 95 6 96
13 96 54 77 1 61 86 47 83 37
62 55 71 59 36 15 2 10 51 29
56 58 81 98 31 38 89 94 46 19
28 66 22 23 85 83 28 39 99 26
53 3 57 18 92 62 62 53 65 56
71 77 16 17 6 84 63 50 46 33
5 80 88 70 78 44 52 99 24 53
73 2 5 73 83 80 12 63 47 6
95 82 52 38 39 48 13 59 24 95
23 86 23 13 74 45 43 30 32 63
49 16 21 77 77 54 99 67 66 84
17 29 21 74 85 71 11 18 48 13
81 24 58 79 88 10 70 12 83 6
88 89 96 51 25 96 82 9 3 19
62 96 37 48 33 23 14 41 74 16
35 99 46 16 36 8 39 67 97 80
78 15 78 93 32 56 83 52 39 37
90 49 87 29 82 35 4 39 80 20
36 78 91 28 98 72 86 90 27 62
46 48 9 6 3 53 93 25 70 81
98 64 96 82 46 13 87 13 65 52
75 3 93 40 68 72 82 81 1 14
36 63 98 9 11 38 78 3 26 67
74 14 31 88 30 1 32 8 46 19
86 95 78 51 75 69 82 66 8 86
67 88 20 48 42 85 24 67 74 1
87 9 75 1 93 2 88 51 47 53
68 61 18 4 36 28 45 54 19 21
1 24 34 77 97 18 48 85 85 33
87 38 48 48 1 10 67 10 62 68
87 50 49 6 63 70 14 95 33 28
7 47 69 1 86 67 34 59 96 25
34 42 88 32 54 95 76 64 33 69
1 30 30 79 33 72 1 90 5 71
91 97 34 40 71 64 51 28 23 60
7 49 22 14 1 19 15 48 43 69
6 79 81 20 18 60 67 57 63 99
46 19 50 86 75 31 57 85 10 53
3 80 40 40 55 29 3 78 47 77
45 30 73 25 62 43 37 18 73 27
55 24 91 94 21 17 15 59 1 29
92 58 7 73 71 78 50 11 19 83
67 43 1 44 80 28 75 67 92 22
13 6 71 98 5 47 80 36 31 10
30 95 72 94 48 78 3 24 29 42
27 43 8 61 87 77 9 59 68 64
19 99 68 65 22 92 28 24 31 80
51 22 49 44 5 42 44 39 92 73
86 99 7 75 71 86 2 1 48 91
20 11 47 4 69 6 71 80 87 38
95 99 90 17 75 19 89 58 8 60
79 60 59 1 72 28 24 76 90 53
48 42 39 12 36 18 73 59 57 38
83 33 49 78 54 4 28 90 40 19
91 68 28 51 24 24 98 92 25 14
78 78 22 55 55 57 17 3 49 35
41 26 10 53 5 82 27 51 26 10
61 77 96 96 40 7 90 1 35 44
90 1 2 92 56 4 4 55 90 97
57 13 88 82 8 94 13 50 99 17
4 67 90 20 19 9 83 15 30 50
21 87 69 22 7 57 43 31 5 22
68 31 44 13 12 82 63 99 52 19
87 49 74 40 44 98 68 8 12 70
62 90 16 43 66 54 74 44 11 88
69 6 90 23 39 2 12 91 72 31
79 76 7 30 41 71 69 83 32 7
69 94 14 16 60 94 38 75 81 81
35 76 47 76 11 69 74 66 21 58
25 79 48 30 31 51 98 98 81 2
68 66 36 59 65 80 86 77 64 89
14 51 62 64 16 79 72 8 45 1
9 14 1 72 67 85 76 6 4 80
74 89 63 61 19 56 53 26 10 52
61 87 86 13 69 79 94 47 90 15
58 1 49 81 56 46 45 55 11 25
81 65 48 25 96 71 30 39 88 11
52 53 3 90 78 85 39 91 52 97
93 19 51 67 36 52 60 78 96 90
44 21 80 21 56 42 69 49 92 62
57 98 86 70 12 66 12 23 44 69
89 90 97 96 37 82 83 92 54 34
81 45 4 99 1 91 21 68 28 66
69 77 58 64 50 48 25 88 85 54
98 54 79 68 43 70 50 9 51 84
78 86 28 61 58 21 47 38 21 62
70 2 19 36 13 82 43 60 4 71
3 3 93 57 55 12 58 2 42 70
70 88 88 86 87 94 11 8 43 60
62 39 44 10 20 17 63 86 55 54
81 56 74 57 84 45 74 62 89 52
61 24 18 88 28 68 6 41 4 71
65 91 95 59 59 60 23 66 1 9
65 86 2 73 65 93 94 94 97 99
33 80 22 43 56 30 93 54 65 41
62 58 7 25 2 5 26 9 38 30
19 54 82 37 36 31 49 75 87 23
57 57 52 70 41 30 30 43 58 60
82 42 17 97 7 71 50 9 47 1
78 32 59 29 23 29 47 10 53 67
94 5 42 33 25 82 89 79 51 55
65 43 51 99 81 20 43 10 40 64
14 80 79 34 6 13 32 97 80 21
9 86 93 96 67 94 45 39 20 16
29 47 65 65 5 47 47 30 24 94
70 95 27 90 89 57 68 74 77 11
90 86 25 52 71 95 13 52 37 90
86 40 60 95 86 8 86 90 13 48
12 31 72 3 48 46 97 12 29 85
40 61 29 64 50 80 2 61 28 34
12 12 55 21 54 32 16 34 18 7
64 64 58 16 21 7 27 88 22 79
32 17 22 70 83 34 38 27 75 95
18 52 58 67 27 33 53 68 24 50
11 56 61 13 38 33 37 14 79 78
40 35 89 96 79 18 94 88 99 39
14 60 67 57 71 29 78 74 35 79
22 75 14 7 53 19 84 71 45 69
49 10 10 30 2 74 49 14 95 27
95 50 40 96 9 58 25 16 46 42
82 66 11 98 49 52 59 46 15 15
7 53 99 72 79 10 36 47 7 51
19 58 7 31 39 70 33 54 24 44
95 12 20 11 28 78 15 91 45 71
39 66 78 36 39 59 36 89 20 32
71 81 6 10 70 32 47 59 35 66
34 51 71 20 72 20 83 39 61 49
89 75 48 26 70 12 24 52 97 8
63 71 39 67 38 98 71 91 69 7
85 46 58 13 48 18 7 21 78 44
60 88 7 60 57 12 6 90 13 1
91 58 17 50 11 57 55 58 53 15
49 73 63 28 38 73 43 74 16 6
46 27 73 32 37 91 82 30 94 51
10 26 43 49 56 46 40 63 59 91
19 38 14 54 64 64 78 19 64 33
50 48 66 46 64 92 64 18 72 77
65 8 59 15 68 45 96 88 13 69
41 14 75 49 27 86 27 22 47 28
58 58 96 94 36 84 99 43 22 8
62 89 28 63 94 15 11 60 9 8
45 44 12 96 65 99 91 20 68 48
67 16 99 43 89 8 78 32 4 7
64 20 63 73 23 87 97 67 67 55
6 69 19 19 93 61 23 1 92 51
77 67 26 19 14 42 48 42 49 89
94 80 8 81 57 25 20 95 23 61
24 81 72 82 93 35 99 84 37 82
38 82 55 69 60 64 39 37 16 39
73 27 67 13 82 74 53 30 39 89
59 5 1 85 16 40 3 12 47 47
61 44 23 32 69 89 65 87 94 24
14 38 35 34 57 4 81 13 71 79
59 53 6 57 8 43 47 60 36 86
83 16 89 69 52 12 25 92 72 60
3 48 93 63 98 28 36 52 67 67
46 16 88 49 67 68 44 51 78 10
16 31 86 56 19 46 29 91 13 61
56 79 37 37 56 23 85 76 68 60
40 75 53 54 38 3 26 32 36 68
7 14 45 60 75 70 4 81 69 72
79 67 32 97 69 81 9 57 28 9
55 70 69 44 14 14 59 71 69 47

neh:
10942
49 73 188 23 94 98 124 160 1 156 3 71 30 176 152 33 87 155 167 90 149 127 182 110 45

data.092:
200 10
3 87 18 32 43 85 15 77 91 82
78 15 30 28 20 97 16 92 82 63
97 28 48 63 84 69 25 61 83 58
19 65 53 90 51 92 55 36 81 32
34 7 69 30 29 88 89 6 73 59
19 84 45 94 64 61 70 17 89 48
17 61 28 81 41 65 85 31 5 41
75 41 52 19 13 40 21 19 31 19
35 24 4 58 61 3 71 42 11 81
84 18 52 57 25 39 7 17 15 9
44 74 14 75 14 52 19 85 84 10
73 72 77 9 85 14 77 86 73 16
93 12 6 46 13 40 67 54 45 20
90 47 35 88 11 18 33 99 15 27
39 8 63 76 12 14 39 19 79 31
93 61 19 29 34 55 83 78 51 87
68 13 43 33 75 56 57 67 13 52
66 75 43 52 58 58 22 26 53 72
77 6 4 53 37 47 71 25 28 92
17 2 1 52 52 86 83 89 52 45
60 15 92 34 19 47 47 7 80 71
6 13 3 23 92 42 64 38 59 52
50 56 73 61 99 77 28 1 43 18
44 22 44 59 96 78 75 10 5 76
23 2 2 41 75 42 6 88 94 15
95 93 12 23 65 22 28 50 57 69
19 31 30 29 1 10 42 31 55 55
59 84 10 52 51 56 30 80 71 56
67 48 22 28 39 81 52 53 9 70
84 84 46 7 45 94 51 41 18 49
27 19 24 27 16 27 32 14 6 97
97 30 39 38 25 92 32 40 70 62
72 44 46 36 49 14 7 80 6 67
58 75 4 7 84 85 45 42 64 35
1 80 93 52 44 87 93 34 85 49
29 89 64 45 8 88 93 39 68 11
17 61 82 76 65 45 31 19 42 56
94 78 27 49 58 69 52 26 28 71
88 89 20 5 40 89 73 74 37 34
44 78 25 98 21 27 40 39 30 78
75 53 69 94 52 70 6 93 34 60
30 6 8 64 30 3 31 57 42 19
89 54 87 70 59 86 53 66 90 93
24 30 35 51 98 69 36 39 4 6
20 46 42 45 48 63 10 4 24 78
69 95 4 74 62 16 2 92 59 77
25 84 88 80 2 19 43 42 5 39
61 26 4 93 40 71 21 2 88 78
44 77 43 83 46 48 9 72 68 45
76 18 74 29 28 83 54 7 29 95
82 98 9 98 25 55 92 44 29 47
13 87 15 9 87 32 32 85 99 92
59 75 57 66 67 53 51 30 62 20
58 23 92 49 36 34 1 67 44 99
61 61 16 35 87 9 11 69 52 13
11 83 85 97 73 45 17 7 65 91
49 12 1 49 19 31 71 43 80 10
5 73 8 42 87 61 62 63 81 34
6 61 43 84 44 96 53 82 51 35
43 28 44 37 92 87 68 44 26 12
17 72 26 67 39 78 28 15 2 43
3 22 54 87 13 65 9 28 44 39
42 38 13 71 48 15 62 30 75 6
38 72 10 84 68 23 25 83 19 6
61 16 54 23 20 7 70 55 24 94
48 68 81 78 91 17 49 26 97 74
19 91 75 34 95 67 86 1 57 1
3 10 30 62 54 95 17 58 29 68
59 58 34 5 29 40 69 45 40 28
72 11 16 33 82 86 7 62 27 58
60 94 73 5 27 65 37 40 57 82
71 24 67 72 83 65 72 67 82 86
18 75 57 49 75 65 35 6 43 17
67 16 44 22 77 51 33 98 22 44
52 21 64 95 99 77 20 35 37 30
72 89 7 35 57 13 90 96 3 51
47 32 54 29 98 18 15 63 65 23
80 49 30 72 69 21 64 33 72 51
70 73 81 87 62 80 8 64 21 3
80 82 97 13 15 59 72 28 93 86
4 91 69 74 3 37 77 27 98 73
63 86 13 97 16 62 48 15 54 60
77 64 89 8 11 86 7 94 77 76
3 8 96 28 36 99 88 55 47 79
82 36 68 46 99 12 69 19 90 99
97 55 3 22 95 5 33 87 36 19
49 89 12 51 34 8 62 94 89 61
23 37 24 71 2 11 62 39 68 42
86 10 50 70 94 23 54 67 85 49
47 58 90 45 83 44 18 83 75 41
46 48 53 91 4 85 31 21 21 98
73 1 66 3 53 82 24 59 67 37
17 54 76 16 5 3 75 69 48 87
53 43 20 16 69 58 22 24 10 79
47 75 97 26 85 49 86 74 25 83
30 53 4 55 22 38 4 70 20 17
5 13 84 17 30 65 44 38 40 30
21 70 67 16 10 92 27 4 95 37
94 15 53 22 86 28 84 44 11 91
99 57 3 8 7 49 86 32 9 30
47 78 37 97 16 52 53 45 3 35
20 51 92 60 50 95 57 94 18 67
71 59 11 58 92 41 10 91 8 72
49 39 5 9 4 60 56 86 35 37
86 15 70 71 68 91 10 26 2 53
34 87 68 29 26 83 95 27 88 45
21 89 97 15 21 1 23 52 60 52
31 68 2 58 58 92 93 49 85 59
42 44 3 55 48 3 96 59 3 13
40 57 18 91 28 20 81 95 73 71
86 68 42 30 75 27 32 72 58 2
21 6 13 46 55 35 80 75 7 34
56 55 12 96 31 55 77 84 38 88
30 10 3 46 36 67 91 21 76 88
40 32 34 99 93 10 47 31 51 25
84 34 96 89 45 7 94 27 17 62
2 38 82 39 19 8 92 71 80 11
93 27 3 27 58 69 68 87 81 14
5 81 23 67 41 28 28 48 94 36
68 80 94 28 99 59 69 1 80 97
68 88 20 66 45 34 79 71 16 26
56 64 12 88 63 24 27 46 59 69
78 98 17 55 88 9 61 71 17 68
48 87 81 50 59 17 78 5 54 65
64 59 69 1 40 84 56 17 78 38
55 89 78 53 71 3 59 59 16 11
54 39 4 90 99 19 28 73 23 8
24 91 10 31 20 66 58 93 78 40
81 78 16 52 21 49 83 67 59 57
17 10 55 3 71 19 98 8 49 10
8 94 51 27 80 73 46 44 38 59
64 22 4 81 91 51 22 46 69 86
39 12 18 12 30 46 51 28 83 90
44 89 13 84 7 23 85 96 26 94
46 28 11 42 88 83 89 95 32 12
23 92 93 19 78 65 11 34 8 75
22 18 8 5 91 60 78 6 50 99
81 51 88 4 20 83 87 76 33 14
12 92 53 7 15 51 96 64 30 13
55 51 7 29 31 93 10 92 27 38
46 14 24 43 80 87 39 50 63 11
57 55 66 93 46 88 38 8 23 18
46 35 46 38 11 34 51 86 12 59
18 27 40 74 43 26 82 28 60 65
54 35 95 6 17 88 5 90 6 60
15 74 6 99 26 90 36 49 53 93
23 95 10 92 78 38 81 78 9 34
5 11 51 94 24 73 5 59 98 3
79 5 52 67 42 72 54 22 98 8
2 21 72 17 14 17 82 53 38 38
86 70 13 90 51 92 74 59 59 48
30 65 43 10 98 50 65 23 80 78
84 53 93 77 34 11 74 88 74 99
80 59 53 93 4 76 72 79 83 50
19 43 35 27 37 92 25 47 34 53
39 11 55 14 99 62 72 27 48 55
94 15 46 4 53 88 43 66 35 46
35 23 28 36 15 53 78 58 65 40
66 98 52 84 16 46 56 97 33 65
75 85 17 57 77 25 30 95 63 84
5 68 19 31 17 79 83 26 37 3
52 82 79 69 27 55 39 83 92 20
64 43 91 12 52 46 50 22 97 67
57 46 52 30 15 4 92 56 70 19
19 45 33 35 50 74 97 90 47 54
49 26 4 17 21 65 30 3 55 59
63 62 16 86 78 90 9 18 99 22
67 78 75 41 71 24 8 82 77 93
92 43 94 93 1 64 79 72 49 62
46 36 2 10 47 15 24 83 62 37
5 56 27 94 82 41 9 86 80 70
83 65 62 91 56 6 13 72 52 66
70 10 72 71 46 44 35 69 86 93
69 29 2 67 10 52 40 62 83 22
82 56 23 50 79 15 36 75 45 39
84 11 42 89 93 84 70 81 76 93
92 76 48 1 27 36 8 8 73 34
8 81 61 56 16 37 77 95 55 26
55 31 66 42 75 47 68 34 98 98
96 10 96 94 44 99 6 57 2 58
9 69 27 36 1 10 80 26 36 73
8 89 9 25 60 43 32 16 47 61
30 36 26 67 21 18 48 10 49 29
17 29 19 40 73 23 99 98 67 90
68 73 23 19 92 57 88 11 52 68
82 68 13 14 89 69 27 6 53 10
16 69 25 79 51 55 28 10 59 3
56 5 65 47 55 51 29 71 13 8
97 61 37 30 20 98 28 73 24 27
59 75 52 80 33 9 91 47 25 30
67 37 7 64 55 86 60 66 32 99
86 26 19 24 46 74 86 63 26 64
97 35 30 74 73 40 81 92 62 47
62 67 63 3 43 67 82 2 72 42
80 87 36 24 55 58 17 47 59 65
94 62 56 83 66 64 20 12 12 39
74 40 65 11 87 24 91 79 96 32
6 79 53 89 64 5 46 71 77 48
92 49 87 78 92 74 14 29 4 82
20 76 7 49 73 40 64 33 91 5

neh:
10716
22 42 97 182 109 166 133 183 155 137 55 143 63 158 112 98 181 70 25 15 8 44 65 117 1

data.093:
200 10
27 37 15 76 32 60 5 70 11 67
36 58 30 35 4 3 16 21 34 81
70 7 65 82 15 84 23 47 11 59
14 22 42 4 2 97 42 18 85 68
97 31 12 75 87 75 81 17 82 16
81 18 72 68 35 73 88 44 56 95
3 48 87 80 7 80 60 57 59 57
30 29 2 32 67 31 7 39 76 84
73 49 12 76 98 45 16 48 46 44
81 39 32 11 75 12 74 86 27 80
34 77 94 83 90 22 77 53 91 73
93 2 38 66 65 70 89 73 46 54
74 24 36 2 25 81 77 93 22 58
57 79 49 6 30 88 13 59 61 41
73 9 3 14 75 22 58 41 51 24
41 77 72 53 4 91 4 81 54 95
81 28 83 78 57 33 54 39 82 74
76 39 69 18 38 5 24 11 67 38
81 76 33 95 55 21 66 49 24 25
57 9 89 2 28 57 65 37 33 15
48 10 62 84 15 16 85 70 49 40
92 77 12 17 88 28 5 79 95 19
80 79 17 49 38 84 25 84 7 70
36 79 39 19 71 38 48 1 44 20
5 44 93 20 21 97 29 1 7 61
99 34 25 22 87 98 43 78 8 25
61 56 7 79 7 82 94 13 75 31
80 91 58 9 28 13 89 8 46 63
53 93 10 56 21 3 56 39 38 98
56 89 53 64 79 97 27 17 93 72
92 49 41 29 1 64 93 83 68 91
54 26 55 8 76 25 1 38 12 50
57 53 87 59 35 22 42 10 32 34
53 26 22 65 57 21 40 73 86 97
85 37 92 57 75 58 7 41 78 44
21 43 86 34 65 49 50 16 27 1
65 96 72 1 9 12 84 43 77 44
50 37 77 49 53 77 14 32 72 73
76 7 42 12 11 51 24 28 11 78
41 94 99 43 75 73 72 87 43 32
61 36 96 60 34 27 42 41 80 39
66 80 42 31 23 34 64 42 23 77
88 7 18 48 44 77 57 45 26 21
30 40 6 3 95 29 2 48 75 20
62 49 95 83 81 9 84 92 64 31
40 57 64 20 31 16 99 27 76 92
46 54 11 93 50 92 58 76 60 67
35 78 61 44 77 49 89 27 31 80
25 11 47 99 43 57 70 8 11 26
46 41 13 96 13 57 10 36 21 68
45 70 31 1 39 74 15 33 10 56
44 25 23 9 12 17 57 16 26 11
83 15 72 4 72 51 53 61 97 34
59 48 51 79 35 38 95 24 51 90
75 25 58 56 65 81 94 36 47 84
20 87 46 38 79 94 54 66 79 80
88 18 19 1 99 32 9 10 99 50
84 81 8 40 51 35 21 47 47 82
38 35 46 88 52 32 83 6 70 40
71 81 3 54 5 90 23 74 45 23
47 42 62 71 80 13 28 79 32 19
33 18 48 15 52 77 85 39 1 34
33 20 93 59 73 79 46 84 5 78
84 63 68 9 15 19 67 64 89 11
48 80 52 57 97 75 48 67 92 48
59 37 1 58 35 82 2 41 63 98
67 89 90 23 53 16 76 6 93 86
73 18 16 21 72 13 55 24 96 95
8 72 58 5 93 25 47 17 13 69
36 84 36 41 36 64 93 53 59 65
55 95 60 9 88 88 88 47 34 49
41 80 63 31 93 14 45 21 68 24
3 43 26 81 64 23 18 91 78 70
78 9 89 25 27 15 99 98 85 74
79 80 56 87 60 79 20 80 41 48
79 74 17 91 92 66 16 62 81 34
80 16 36 29 86 48 46 56 36 88
67 32 86 30 6 87 31 14 21 52
89 93 65 50 26 77 74 39 31 97
33 85 66 63 98 72 78 77 46 16
90 96 84 55 10 77 84 16 41 6
18 57 58 17 46 76 72 69 34 15
6 19 27 3 47 50 39 5 9 64
82 2 13 24 61 38 29 6 24 47
38 28 43 81 39 67 15 66 41 49
6 35 16 76 45 53 59 82 88 40
24 60 39 28 99 41 89 84 41 90
99 12 48 2 50 8 71 6 55 93
2 77 29 58 36 57 11 19 27 51
67 42 75 77 70 41 40 67 66 18
73 21 25 24 4 36 62 65 37 16
21 70 7 16 72 5 18 65 4 59
50 64 79 49 56 35 11 46 39 56
31 87 41 77 67 27 46 8 46 61
33 15 32 7 42 5 17 28 8 72
29 38 70 4 83 67 87 40 25 22
2 6 67 17 12 1 12 35 52 35
45 90 87 5 53 3 48 22 41 9
16 32 31 11 70 55 96 86 83 33
14 17 15 82 53 21 59 75 56 40
95 32 86 31 84 7 55 18 74 3
79 53 44 9 19 63 66 51 36 13
69 86 17 55 43 56 36 10 22 84
67 29 31 36 64 12 66 58 4 97
92 60 55 95 8 63 57 85 34 89
77 23 90 52 75 61 60 21 84 52
65 96 3 79 75 56 71 96 54 98
93 34 19 73 94 35 35 14 43 42
88 33 78 51 39 92 61 99 89 63
98 41 81 57 57 88 18 66 29 14
35 64 23 40 89 91 69 7 99 74
89 56 39 62 16 86 81 40 48 97
94 34 82 72 9 65 87 55 26 3
30 43 28 86 90 87 78 37 16 94
17 83 11 46 34 81 72 35 14 76
91 54 43 98 69 82 35 37 45 8
83 24 33 70 58 82 90 85 68 46
46 65 59 59 35 84 19 66 87 3
49 22 8 8 60 7 79 66 40 14
92 98 37 52 18 84 47 7 55 78
48 77 48 28 72 16 78 64 8 26
79 55 79 15 64 43 99 83 51 85
40 54 13 40 96 14 59 60 90 46
36 17 29 44 92 85 44 91 86 63
11 46 6 8 12 83 50 23 75 72
15 75 21 31 96 32 61 12 10 32
44 80 87 81 85 28 86 92 41 77
41 67 13 54 30 39 62 36 40 54
28 63 42 59 36 1 9 98 34 45
30 87 63 76 21 82 85 66 82 77
79 7 72 62 1 89 91 15 34 74
59 87 8 73 41 62 66 12 44 84
42 5 6 16 59 21 33 57 20 65
31 63 22 37 32 24 63 63 34 17
36 2 49 39 75 60 84 15 1 3
21 87 51 89 45 92 19 41 21 71
75 90 69 90 38 64 75 49 44 74
93 83 95 39 91 80 5 42 2 84
56 5 92 90 93 35 70 7 74 38
21 64 44 12 43 42 72 48 36 71
19 16 31 58 91 42 32 69 56 49
96 32 42 69 73 76 46 75 16 7
91 14 63 20 79 93 57 55 93 35
48 68 55 81 56 95 41 50 85 88
40 41 99 46 76 34 81 94 33 35
51 8 40 86 9 85 45 59 41 62
8 59 67 60 10 12 68 67 46 13
66 52 4 51 36 76 81 20 78 40
90 68 51 99 43 69 60 29 37 73
63 20 63 7 60 71 43 74 21 24
4 51 18 4 67 94 96 51 92 71
63 99 73 10 87 86 50 84 9 70
61 6 45 79 1 34 88 31 88 22
8 72 4 89 7 30 32 98 8 11
78 69 30 80 85 41 42 16 23 97
82 80 71 63 32 51 49 53 82 71
9 25 12 29 52 16 73 66 63 36
47 7 85 80 73 95 82 61 91 38
41 19 20 54 99 23 6 15 69 51
91 87 41 99 38 15 97 31 2 21
33 83 22 45 97 35 50 51 45 90
61 72 37 59 32 44 83 71 77 87
56 78 53 69 72 61 21 51 15 87
44 74 32 10 89 94 79 58 2 82
16 63 90 67 54 94 97 39 98 14
3 21 25 45 10 72 9 84 13 99
87 81 19 49 74 5 68 90 69 99
92 93 9 92 61 56 5 91 83 22
60 85 22 64 61 88 43 22 98 46
91 5 51 76 45 76 23 63 2 78
82 46 45 53 80 50 29 91 41 82
88 71 43 4 99 86 69 22 33 52
65 98 44 43 47 45 6 6 63 4
28 49 25 29 89 97 9 44 10 98
95 99 4 73 8 91 21 19 34 44
88 21 33 98 23 46 72 33 20 18
35 78 11 76 5 86 96 68 4 61
93 97 73 31 27 3 25 4 55 80
29 68 99 66 46 69 31 8 38 98
60 48 1 11 44 14 76 49 42 52
43 68 75 10 41 14 82 67 46 67
22 16 98 51 73 14 47 75 90 58
10 37 50 27 84 64 50 22 14 92
10 80 24 84 20 26 11 21 80 76
60 56 61 79 47 19 33 9 96 99
8 10 91 78 49 78 6 41 55 10
1 80 13 40 10 58 54 37 5 78
10 54 57 51 78 59 73 82 56 36
67 73 45 10 75 19 16 52 80 19
43 84 99 39 66 59 11 4 65 44
21 80 83 54 17 39 39 28 37 50
69 40 59 31 20 62 21 61 72 54
57 93 56 67 86 52 63 70 93 24
65 27 83 65 93 15 67 98 27 27
50 96 52 63 93 90 30 36 18 16
83 11 24 91 88 56 36 54 67 61
33 56 64 44 90 79 51 91 6 72
14 6 99 42 79 2 13 14 64 34
32 57 27 40 78 39 27 87 79 25
68 55 95 77 87 49 12 96 4 51

neh:
11025
83 166 133 97 157 125 20 92 95 126 2 119 134 4 159 25 180 8 1 15 50 62 147 36 129

data.094:
200 10
79 63 83 65 35 53 51 68 34 87
23 55 95 94 52 52 17 6 50 70
2 35 73 77 46 9 35 38 86 78
94 95 87 47 86 62 11 6 40 31
66 20 65 42 25 68 25 24 65 98
87 22 59 67 73 92 90 58 40 10
2 7 14 6 17 93 89 99 83 75
19 96 91 70 40 6 3 85 24 57
50 58 79 42 66 80 13 54 9 73
25 10 95 26 21 28 76 19 19 74
36 4 39 49 24 1 44 30 90 49
87 73 74 64 94 28 66 29 9 50
55 76 52 60 86 41 12 5 21 6
14 25 13 14 35 90 94 56 89 95
68 45 10 3 58 19 47 81 92 40
11 80 93 36 66 51 22 65 94 48
14 89 56 17 30 8 40 20 23 37
58 97 98 61 97 38 48 4 6 33
17 99 71 11 44 19 52 90 55 63
34 46 20 98 81 54 85 8 54 35
88 80 49 14 43 27 90 9 78 43
98 37 68 76 63 79 16 52 92 13
53 3 8 94 43 67 77 41 20 31
7 41 28 49 50 75 4 93 11 75
2 20 56 7 86 57 24 70 33 39
15 7 9 99 50 74 29 93 77 24
89 12 69 20 96 11 29 56 49 78
46 61 22 73 35 80 56 21 98 84
15 37 28 87 67 75 17 16 96 68
42 1 55 92 36 17 95 9 73 25
66 97 99 78 96 78 74 29 50 46
50 66 28 14 60 58 56 9 5 68
28 88 86 62 65 13 61 19 17 45
45 56 47 99 53 77 97 13 76 11
18 63 18 94 86 7 48 11 84 80
72 64 4 22 45 38 55 41 53 27
23 25 29 45 88 97 33 88 10 93
20 67 40 44 95 22 1 71 39 17
2 99 60 36 86 57 29 66 58 16
46 20 21 88 98 93 39 56 92 43
68 55 81 76 46 42 5 13 92 31
98 7 52 61 78 4 51 49 24 98
2 19 2 62 74 16 94 29 65 99
65 22 31 7 26 95 36 89 38 72
69 47 53 50 43 76 94 27 13 83
80 85 66 67 63 86 19 68 97 45
87 52 46 50 29 2 22 77 79 32
60 62 8 45 67 91 53 72 88 82
22 81 63 63 83 76 98 78 84 94
3 14 70 31 62 10 63 20 38 40
85 98 36 83 68 34 4 80 55 24
24 96 92 52 80 48 61 92 5 79
95 91 40 89 55 47 66 22 52 56
95 25 96 53 41 62 28 95 60 3
36 65 45 9 17 80 37 86 40 24
2 61 35 27 5 60 55 29 44 10
67 34 45 56 71 16 96 28 63 50
71 33 94 10 48 63 28 11 47 64
18 27 13 74 44 8 77 59 68 68
18 95 95 76 22 29 87 16 90 84
32 15 84 13 69 39 34 58 30 49
15 31 82 26 21 70 32 38 78 66
72 27 81 80 47 95 92 5 8 77
30 45 77 76 37 44 27 2 7 55
41 86 25 15 90 84 80 70 8 74
29 39 84 89 63 86 69 13 40 33
71 50 63 86 25 7 54 14 63 40
51 22 20 94 53 98 19 56 89 64
1 26 58 74 32 40 7 53 62 94
71 50 97 72 60 37 82 17 68 17
27 69 53 44 15 32 24 14 51 69
98 9 96 4 40 80 91 94 9 89
15 98 30 63 42 26 52 96 97 91
73 39 63 19 27 58 35 60 22 65
87 61 26 12 24 16 60 95 42 59
49 4 18 76 9 55 62 11 62 1
97 57 19 60 44 47 87 77 26 95
74 79 3 13 57 54 68 75 44 86
29 80 84 50 25 30 42 41 72 98
50 24 46 45 92 38 80 9 38 15
32 81 70 99 10 43 14 8 44 33
13 28 50 85 47 38 49 17 62 86
55 38 49 15 76 96 20 51 85 87
40 14 90 84 87 45 74 62 97 13
4 92 64 18 91 95 31 72 77 93
82 86 23 65 25 35 21 55 69 10
89 85 38 30 17 23 71 53 25 16
43 87 63 73 77 24 33 31 49 43
88 70 87 25 24 77 46 66 60 86
10 2 19 19 51 36 8 57 22 38
13 8 8 88 89 85 33 24 4 42
93 26 48 2 69 14 58 11 7 99
58 56 22 83 90 92 20 47 54 77
60 56 74 26 78 69 28 75 62 31
2 91 82 49 21 95 93 25 95 51
30 74 67 58 13 64 40 62 26 12
73 88 16 72 40 87 40 13 24 56
84 56 74 26 55 67 44 41 46 11
51 58 57 43 40 36 18 20 24 24
80 74 2 68 91 53 7 98 20 95
92 93 37 49 83 65 56 65 8 58
9 18 18 50 76 57 94 51 59 61
53 35 12 96 23 10 37 28 66 51
77 76 45 79 40 17 68 70 53 10
84 43 49 47 55 46 11 56 30 1
57 58 9 54 15 97 17 86 24 43
27 34 77 9 10 77 90 30 25 81
26 26 85 81 6 27 31 63 84 33
95 79 57 26 70 67 85 77 70 76
61 36 97 76 21 34 64 65 95 61
5 29 52 59 57 19 44 24 48 50
67 69 19 69 40 33 54 65 76 40
88 99 27 5 43 21 61 64 62 94
37 97 90 74 37 70 78 83 99 27
2 52 33 49 75 22 91 10 78 2
32 62 78 41 44 43 40 23 73 31
94 76 58 11 95 25 45 34 25 94
18 51 86 62 33 66 33 9 62 60
82 41 11 28 41 18 70 58 39 77
39 9 33 4 82 50 58 33 51 31
99 56 47 18 21 68 83 92 31 50
88 65 68 59 27 30 14 46 91 75
68 84 35 40 64 31 48 86 11 94
33 21 60 72 95 5 65 43 41 39
86 66 4 1 41 88 8 23 78 57
34 95 52 11 21 32 30 75 71 27
75 10 52 96 45 56 77 52 49 89
30 90 38 3 37 36 90 15 48 10
51 51 81 83 52 93 60 34 90 68
35 86 21 31 7 71 50 8 38 86
40 30 21 7 97 45 19 3 6 46
10 41 89 59 65 39 13 36 27 81
82 70 46 53 24 22 49 16 19 52
1 72 48 77 55 19 12 62 20 25
26 81 65 94 52 2 98 12 43 75
3 72 31 28 17 31 16 62 38 43
51 8 43 43 51 99 37 37 3 51
31 28 28 20 81 74 97 99 73 58
74 68 86 71 76 52 14 85 32 9
87 39 77 80 44 22 47 55 74 56
52 76 88 76 22 43 35 83 78 89
79 15 26 23 48 77 55 11 67 39
51 96 99 54 24 43 23 40 21 95
36 61 36 73 18 22 35 15 52 35
46 85 30 50 29 52 6 45 6 60
5 22 98 58 93 75 16 27 6 77
12 29 66 45 18 13 25 53 1 39
65 67 9 88 79 98 78 50 90 32
58 69 95 19 74 15 84 42 22 28
78 96 73 44 22 15 71 86 13 21
50 14 73 49 29 11 70 12 88 69
51 93 95 30 87 60 87 77 26 95
12 20 8 1 67 86 53 35 10 78
99 27 72 40 50 52 97 92 79 40
38 84 52 79 30 69 27 11 9 86
72 78 34 78 56 14 63 16 98 58
73 73 65 28 17 85 84 38 29 71
39 38 21 91 22 5 16 18 37 21
10 49 56 61 6 40 71 83 57 39
35 6 11 18 1 4 7 29 36 45
44 58 60 18 24 13 44 75 12 50
96 5 91 90 39 38 35 42 65 60
68 34 94 20 21 13 89 92 17 7
51 84 94 47 93 17 2 99 59 69
9 45 76 46 13 37 76 64 65 29
89 98 32 45 83 89 8 71 12 58
72 74 71 59 44 67 68 57 50 62
16 25 17 14 48 86 99 9 59 99
42 83 53 49 70 92 68 70 90 10
24 62 50 14 34 89 47 68 16 65
99 29 90 68 77 69 6 93 70 34
62 99 36 88 82 67 60 75 69 91
30 48 6 24 69 19 17 82 8 67
49 97 42 43 14 41 51 49 23 94
91 18 74 87 85 84 69 74 78 3
31 61 17 82 48 10 53 78 45 50
98 81 45 96 67 6 29 6 72 88
90 74 26 21 12 22 65 67 26 20
70 48 57 46 15 19 42 95 88 42
79 46 33 93 24 63 32 18 43 39
47 47 51 29 88 60 45 48 37 75
4 96 48 12 81 67 16 72 91 46
95 1 45 94 95 22 27 29 63 78
78 27 21 96 26 88 42 32 10 72
49 45 79 40 25 27 51 48 23 84
35 52 54 84 31 32 78 58 75 84
39 9 22 35 47 19 19 88 23 25
27 39 32 45 30 42 57 83 23 24
53 5 9 38 53 57 16 91 4 55
55 2 22 84 19 40 99 32 71 39
11 1 26 17 68 97 74 96 76 41
6 32 68 43 6 22 15 59 98 13
40 80 80 91 68 88 15 67 2 37
51 23 35 25 34 98 65 7 62 40
45 16 86 18 15 62 15 89 44 87
45 17 7 8 3 29 43 27 8 53
29 29 92 41 17 79 52 56 10 96
29 31 30 78 62 40 74 63 61 8
96 65 17 37 28 44 35 20 33 3
46 27 71 66 14 62 92 28 43 48

neh:
11057
7 160 196 50 147 17 173 11 90 136 76 153 192 189 120 91 111 134 144 10 25 158 161 71 32

data.095:
200 10
51 25 97 83 42 44 45 69 78 34
36 56 99 11 9 39 50 56 50 17
26 21 2 73 69 29 79 80 21 39
84 11 68 4 37 17 28 92 31 92
92 3 20 73 72 3 88 85 43 77
80 36 65 98 46 21 81 50 10 33
39 42 74 9 50 40 35 40 88 85
29 32 26 36 54 94 53 87 24 83
63 84 19 86 87 88 21 99 86 86
95 68 27 50 39 52 65 86 46 51
46 59 34 20 6 15 86 41 17 69
19 22 44 38 65 71 84 42 4 14
66 62 32 92 91 55 27 65 36 24
98 50 1 16 92 2 44 61 16 42
90 72 6 76 95 53 11 63 98 16
41 76 62 63 48 85 57 48 30 11
9 80 57 18 21 54 41 97 31 75
11 20 85 93 19 3 11 96 72 73
96 95 23 32 80 70 89 40 71 62
69 18 6 65 53 38 83 86 71 89
33 21 69 2 81 67 43 66 95 79
71 45 39 40 84 42 24 13 12 40
64 60 58 81 40 38 76 82 75 32
90 83 82 92 28 34 6 85 70 65
13 65 12 65 71 15 71 78 56 77
45 83 28 51 33 17 33 14 93 62
83 55 71 49 41 56 53 86 12 84
53 59 23 39 76 86 46 61 92 6
3 31 52 10 70 43 36 32 94 13
94 90 12 83 48 16 21 32 3 20
87 52 93 68 75 59 21 7 9 73
11 2 97 36 11 54 35 50 6 39
26 35 48 80 10 61 15 61 55 1
66 86 66 33 73 8 62 93 65 98
58 68 6 38 32 49 22 77 2 19
54 93 44 41 21 82 55 70 91 24
20 23 93 83 17 30 32 53 97 44
50 75 39 61 46 15 38 82 4 88
19 79 69 77 75 60 35 99 83 17
49 34 27 61 54 14 10 24 87 90
68 51 72 97 51 96 42 35 84 13
54 46 81 2 57 84 59 77 32 29
26 25 86 59 15 89 78 86 3 70
35 54 60 82 30 91 29 96 17 70
93 8 52 5 20 68 97 97 55 92
6 49 13 35 98 45 7 39 42 71
76 68 31 62 89 75 28 53 67 93
61 56 34 81 36 87 35 21 16 90
76 25 91 71 89 62 69 27 85 11
65 92 56 27 8 51 83 34 4 88
58 1 7 4 26 52 75 68 55 8
31 79 85 10 47 65 16 89 16 17
60 62 71 75 75 62 75 98 91 36
52 1 54 58 3 92 92 7 62 78
18 45 60 74 1 21 51 19 63 50
45 84 92 86 47 53 61 23 89 21
9 22 83 39 97 46 41 40 30 17
18 35 67 38 67 50 33 27 8 22
73 61 16 84 13 90 92 11 23 92
79 64 4 15 14 79 66 84 8 13
24 9 28 88 66 17 62 7 83 64
96 36 92 77 4 91 27 62 37 90
23 29 81 5 60 35 32 27 65 3
53 15 76 6 73 34 77 9 18 13
38 74 63 42 33 66 52 61 1 28
79 68 77 22 70 30 82 29 29 91
20 78 47 1 27 63 41 93 47 22
51 92 74 61 8 35 53 26 48 72
45 94 95 64 83 77 70 37 8 10
50 73 23 16 99 56 53 12 31 15
56 43 70 37 27 69 72 78 13 82
64 17 6 18 47 80 49 68 59 14
30 82 12 1 53 82 7 8 89 25
21 36 4 2 75 47 65 9 9 66
23 81 74 50 79 96 34 86 36 54
4 66 90 4 6 77 96 39 69 83
86 66 68 16 99 80 59 90 41 5
63 83 86 99 36 13 78 47 63 61
19 87 19 51 34 18 14 88 31 77
6 30 35 74 66 19 74 67 5 85
83 91 25 56 77 26 85 58 35 13
98 63 72 2 38 67 43 63 46 33
42 24 77 62 43 89 98 23 93 29
72 98 2 56 52 42 93 6 36 7
80 9 44 59 97 93 78 15 56 20
68 79 60 75 8 23 8 13 16 50
66 85 52 54 42 66 51 86 43 22
58 4 82 92 95 34 87 90 94 26
41 14 62 18 57 48 13 18 33 37
48 50 98 21 84 13 17 15 13 14
85 60 33 23 93 22 14 30 35 54
52 59 7 96 19 65 21 10 16 65
28 87 42 55 71 52 52 8 45 35
76 98 98 32 51 18 16 65 25 28
74 28 52 9 44 64 21 77 42 78
34 77 35 24 18 48 1 84 31 73
96 11 96 70 16 83 74 20 42 20
18 26 83 16 63 50 71 18 47 61
2 14 13 13 77 93 86 76 75 57
85 44 37 49 81 26 37 98 9 97
35 9 64 63 26 27 32 5 44 29
57 32 28 97 39 66 3 68 74 88
78 57 30 40 47 10 47 4 56 84
18 93 56 84 65 52 99 25 37 71
47 50 38 12 16 3 51 46 47 9
4 46 57 21 47 81 36 44 50 55
71 84 91 16 3 67 34 57 70 28
33 28 24 48 62 12 72 20 74 12
32 66 38 53 56 77 79 9 50 17
32 62 73 31 41 96 33 10 4 98
57 17 32 22 11 85 36 64 36 93
92 25 7 72 42 66 70 77 81 80
89 41 70 28 34 45 67 49 72 99
13 6 62 69 56 37 65 63 55 90
24 94 5 39 95 95 63 83 38 33
60 87 90 10 99 40 72 12 64 81
45 36 57 53 78 33 36 52 6 31
69 94 41 59 78 26 36 56 21 62
24 40 63 77 69 83 60 57 92 39
70 64 57 13 47 46 42 79 52 9
80 76 25 12 52 68 78 32 96 79
82 43 93 73 24 83 30 31 46 47
11 27 76 22 66 94 11 45 28 36
38 13 5 29 73 9 67 23 13 18
60 37 61 13 65 1 77 2 52 31
74 35 46 96 6 26 34 48 46 72
11 93 82 4 17 71 11 27 73 65
71 31 58 45 96 9 60 19 31 35
81 84 71 32 62 93 76 95 31 73
6 84 8 40 25 76 67 75 99 41
21 74 18 75 68 3 9 24 33 47
89 71 17 39 34 10 33 49 23 66
34 80 91 86 38 99 77 31 69 33
41 73 94 63 99 88 37 85 80 12
97 19 17 52 41 11 75 21 71 57
62 63 3 62 46 84 84 39 40 28
53 51 41 56 75 43 84 56 97 73
75 27 6 70 26 65 16 85 90 87
68 73 44 78 65 38 37 70 11 39
9 91 58 85 59 16 20 76 24 67
64 59 48 89 41 20 21 62 91 81
1 92 82 98 45 71 80 61 93 93
66 69 25 9 61 75 83 18 97 17
26 31 91 5 47 12 20 22 92 25
45 71 58 90 99 23 99 25 60 63
97 75 87 9 32 17 52 3 30 32
43 26 13 69 87 61 52 58 40 24
6 98 8 73 44 79 95 11 36 89
90 68 19 24 8 32 49 19 16 27
23 1 89 67 50 11 80 41 27 93
14 74 89 13 38 65 63 73 4 69
51 58 1 49 74 48 96 47 74 76
69 6 88 25 59 63 82 12 15 86
24 30 39 12 57 51 36 64 36 88
86 63 54 94 7 17 11 69 51 67
61 30 87 14 77 91 33 61 87 39
57 50 39 2 52 14 70 5 94 71
74 36 93 98 86 99 1 30 51 76
76 72 48 73 83 69 7 17 7 67
63 37 93 51 54 60 42 4 25 95
28 98 1 7 73 67 52 33 75 6
87 99 25 58 75 76 91 38 88 90
14 30 66 20 97 33 54 59 45 87
26 2 98 39 5 2 70 65 93 49
4 2 54 33 94 9 49 68 12 25
10 95 92 65 29 72 52 16 44 37
82 90 83 33 92 94 1 67 89 1
65 45 81 43 47 76 29 6 19 68
91 84 90 1 86 54 53 12 93 32
39 86 36 73 58 84 58 27 71 67
26 88 84 24 23 62 42 93 8 45
55 18 55 6 34 31 56 22 15 65
89 94 82 32 64 30 35 95 1 48
89 24 19 28 9 33 15 10 35 12
65 26 38 99 31 11 13 60 60 86
79 94 39 42 93 21 94 14 45 37
77 63 5 71 90 41 77 75 78 6
48 15 1 62 9 61 69 73 44 94
84 81 50 75 2 85 39 25 33 58
44 21 44 15 96 49 69 6 78 38
10 22 38 75 39 29 35 60 6 49
82 50 56 7 26 81 42 5 80 51
36 80 5 82 99 73 14 97 40 9
1 10 74 66 83 82 1 14 12 46
55 33 31 9 54 11 44 89 38 98
96 51 29 13 34 15 9 11 42 40
56 37 21 40 81 55 45 77 98 72
43 21 12 40 8 13 51 77 38 26
24 41 14 90 81 33 10 67 12 15
76 38 75 48 43 40 55 45 96 98
2 12 95 97 27 48 64 12 14 37
31 10 1 11 51 84 79 40 32 46
5 49 32 29 13 89 4 65 37 74
30 12 93 10 87 3 50 26 39 61
74 50 56 42 34 26 54 28 33 16
60 28 27 88 42 82 16 51 43 98
99 58 71 73 16 74 86 20 71 26
7 4 29 21 19 84 35 46 33 61
97 33 28 40 99 43 95 85 99 31
26 80 46 26 6 97 94 49 24 4

neh:
10645
198 99 74 101 58 188 51 192 184 193 46 57 154 106 22 2 96 79 194 186 178 12 123 61 114

data.096:
200 10
88 84 41 11 16 75 54 32 86 47
93 24 8 99 26 12 62 46 82 73
78 99 16 9 28 94 18 16 57 94
54 98 10 98 66 99 82 31 24 48
48 24 99 77 62 63 86 49 65 78
89 57 83 31 24 12 48 45 19 95
7 71 84 62 12 55 99 80 89 53
46 38 96 3 41 99 54 53 35 12
22 14 8 14 26 30 33 59 47 31
64 41 7 90 74 24 55 7 22 67
33 45 47 5 84 58 47 57 27 9
76 28 62 79 24 34 2 80 67 15
49 11 17 42 27 40 9 36 24 36
60 81 26 8 51 22 39 68 67 48
98 7 84 36 98 74 20 95 15 41
69 68 36 78 87 18 57 28 69 35
66 24 49 80 12 37 84 68 86 19
25 88 42 28 1 46 27 26 77 47
93 28 78 59 73 78 99 57 9 54
38 7 41 91 99 32 50 28 78 30
1 29 61 35 81 55 95 25 45 81
94 31 35 11 44 32 79 96 84 42
40 38 45 32 10 8 2 78 29 75
69 56 65 98 75 52 16 90 74 71
22 26 38 49 41 45 17 75 75 84
43 17 37 24 32 60 76 45 48 32
69 25 49 93 71 83 47 30 50 80
69 24 35 38 46 89 12 39 1 21
27 53 28 2 18 92 8 52 50 72
68 40 99 54 84 31 15 66 63 13
23 97 94 63 43 53 27 83 87 68
50 89 44 73 93 96 96 33 8 6
97 87 9 49 63 47 76 93 42 27
37 12 18 25 17 73 48 93 84 54
27 97 33 93 52 94 42 40 35 48
51 22 32 10 23 5 56 10 63 51
71 24 3 59 83 83 15 2 8 7
83 7 96 43 68 40 42 53 91 26
30 13 50 2 99 78 16 11 55 37
73 61 66 77 33 2 12 29 36 20
10 36 50 71 65 14 67 46 95 17
50 58 76 23 82 54 16 79 4 58
69 74 46 73 10 62 60 3 9 73
29 53 42 86 90 11 83 2 56 51
55 31 91 82 82 2 75 65 38 88
5 31 72 48 82 26 65 74 62 34
38 4 1 41 41 66 52 52 91 19
99 83 46 1 62 48 36 24 42 96
37 48 5 75 45 39 87 99 11 19
29 78 89 95 81 39 6 66 10 55
45 76 39 69 67 4 35 15 7 61
4 34 46 35 17 19 15 68 32 59
82 28 21 91 50 15 21 92 21 1
83 26 9 83 71 46 77 10 97 8
21 12 20 11 78 85 26 38 83 31
31 60 40 82 93 95 51 21 74 49
27 51 88 18 4 75 2 79 38 17
43 69 94 90 67 36 42 78 47 30
7 88 93 41 21 81 45 93 58 5
64 82 33 3 58 6 2 81 97 14
39 86 95 12 49 7 94 1 38 37
96 68 49 9 10 92 1 26 26 82
16 51 57 61 51 30 30 97 38 23
92 6 30 58 66 59 97 9 51 54
62 79 66 20 4 57 55 98 16 59
75 23 45 73 40 33 98 9 32 93
18 67 30 50 32 76 5 27 94 43
21 71 63 74 2 67 2 28 6 21
62 6 68 17 2 13 67 11 58 32
4 38 36 35 94 25 94 49 93 39
50 17 90 11 2 89 25 92 5 20
1 36 81 90 47 63 11 55 11 19
96 14 10 96 9 83 3 54 11 33
83 49 53 93 13 25 83 79 39 10
53 80 82 32 19 50 76 50 30 75
65 54 54 10 22 30 27 33 91 98
4 63 94 73 89 59 13 27 6 27
48 64 25 19 41 23 49 22 84 21
42 47 61 59 39 19 28 46 34 87
62 31 13 11 96 92 28 41 96 44
92 88 27 42 87 65 58 59 23 68
22 45 85 8 81 94 24 53 17 66
82 82 58 57 60 8 12 47 83 79
87 86 14 98 33 9 32 65 43 88
21 7 27 6 30 67 19 44 2 20
79 84 68 17 86 85 45 77 50 91
5 62 49 91 85 89 42 14 12 13
19 58 96 98 91 22 50 93 1 16
2 89 29 14 25 39 31 64 13 6
95 97 28 17 31 21 27 67 73 46
18 80 20 4 56 39 75 39 90 33
4 54 67 19 22 56 81 55 61 74
5 54 12 46 75 41 42 57 60 96
79 93 9 40 28 80 54 15 55 3
7 23 12 86 44 27 52 32 68 71
95 77 53 77 6 32 70 70 48 81
82 97 92 5 65 47 1 71 73 74
33 55 50 48 2 51 87 31 78 28
23 2 48 82 14 58 54 95 53 27
7 31 12 3 5 1 63 94 23 88
45 52 39 61 91 45 59 39 48 36
43 1 29 6 54 2 19 79 76 86
49 76 21 34 37 68 71 31 25 6
35 89 35 13 26 84 74 45 97 40
43 69 70 78 4 91 95 73 84 22
84 98 7 76 22 46 31 28 15 83
41 68 33 33 66 34 2 46 51 90
50 51 15 98 24 92 76 40 6 10
62 54 43 87 52 3 26 51 60 7
5 33 84 45 46 91 98 14 61 44
8 73 43 66 60 66 22 38 91 7
43 46 11 21 69 62 30 88 14 66
34 94 70 34 87 85 57 93 72 46
25 66 71 77 27 9 91 1 73 3
31 60 4 59 36 64 6 24 2 99
82 37 48 54 39 45 63 44 55 56
66 40 58 90 71 63 91 24 44 62
48 82 78 41 18 64 19 29 37 48
82 29 71 92 21 25 28 95 57 93
40 37 37 48 68 62 39 90 45 70
59 80 79 57 56 76 54 22 94 25
45 27 25 78 72 78 51 5 69 21
98 71 28 28 98 6 79 71 69 53
56 98 83 59 96 92 27 69 2 47
37 47 26 96 23 77 31 40 83 64
36 41 6 42 9 87 21 22 26 54
85 7 39 63 32 65 76 48 33 33
94 79 30 38 4 6 90 4 65 75
10 68 15 72 56 95 87 44 75 28
45 45 9 52 14 53 75 97 59 96
50 59 23 9 14 25 39 36 23 67
23 80 30 8 22 71 97 17 41 27
95 63 53 16 79 39 33 17 79 25
71 10 63 56 10 3 8 81 34 8
12 78 2 75 41 17 42 12 48 31
21 8 37 56 96 77 38 34 73 59
24 31 39 88 38 38 84 71 68 17
85 35 45 32 6 22 23 27 61 57
26 1 54 62 55 84 78 88 82 96
29 64 52 82 89 65 83 17 55 42
61 1 40 82 50 78 3 92 16 42
55 18 18 85 96 26 57 22 92 29
15 5 64 38 44 5 32 13 29 69
81 66 98 37 8 88 69 10 73 39
23 86 14 29 7 83 67 64 13 82
70 18 31 26 82 15 9 61 95 76
31 34 12 37 4 1 38 25 1 12
52 55 83 57 25 27 78 17 52 58
62 18 58 90 7 62 80 22 55 72
31 74 28 65 37 94 6 86 66 97
70 98 25 36 8 39 91 10 67 88
30 90 78 1 8 46 94 43 45 23
72 1 25 89 17 62 43 58 24 22
73 80 90 43 53 14 98 72 6 60
13 34 99 67 20 26 78 52 61 29
12 89 26 50 37 45 48 71 25 85
69 22 70 71 69 1 79 33 7 90
12 2 31 87 77 26 75 26 12 1
20 88 47 23 31 76 15 90 20 73
73 66 63 69 79 33 13 56 24 8
73 91 53 83 19 39 33 29 82 56
38 14 4 84 72 92 25 50 39 95
84 86 64 32 80 36 5 81 34 98
39 6 19 27 37 68 89 61 33 55
10 95 10 10 96 90 67 43 82 24
69 61 69 83 19 75 33 2 30 84
98 59 74 39 1 4 11 81 36 49
39 48 57 59 96 2 7 55 4 99
66 36 37 17 89 32 65 50 82 75
67 5 55 17 46 29 89 53 62 68
82 75 21 42 76 39 91 51 69 56
29 21 83 63 5 51 63 31 25 54
82 55 22 7 66 40 28 12 95 40
42 44 72 50 25 20 95 21 51 1
83 67 66 33 15 22 16 55 99 99
21 87 37 7 41 21 21 56 91 69
92 82 81 52 23 63 25 34 63 61
34 62 27 16 29 46 4 35 25 26
49 7 57 85 66 92 2 50 73 3
59 71 22 62 16 72 64 1 35 55
63 4 25 72 4 54 44 50 27 7
3 92 87 5 27 51 53 50 62 97
20 38 21 53 3 89 4 52 29 25
11 79 13 33 56 13 90 45 98 60
15 15 74 81 75 90 53 25 3 83
90 56 26 38 48 62 93 26 12 63
61 22 41 48 49 13 50 83 12 44
80 38 84 70 73 86 68 72 98 59
90 85 9 62 2 76 92 44 33 93
81 42 8 22 26 2 93 95 50 9
19 72 19 94 82 8 47 70 75 86
24 75 64 94 19 80 37 11 17 81
36 90 9 33 62 70 38 85 79 57
88 62 75 85 93 82 92 78 40 49
70 19 30 41 34 13 20 24 44 27
76 49 3 93 71 42 79 83 40 29
16 18 90 12 45 91 9 69 41 20
97 21 4 2 37 87 47 42 55 13
59 41 71 40 73 31 71 5 33 91
12 21 91 90 36 12 39 82 80 72

neh:
10458
85 52 100 36 183 126 23 102 95 132 11 158 153 91 103 112 26 172 55 143 115 60 99 164 39

data.097:
200 10
68 48 71 49 42 91 95 88 92 8
55 64 5 54 58 90 50 74 51 74
10 13 80 4 93 58 81 68 80 55
91 26 22 99 10 87 57 60 46 20
98 55 35 69 27 90 99 9 39 20
1 85 7 85 12 92 13 47 93 25
14 55 98 44 69 31 39 55 85 75
84 59 32 96 34 79 44 84 57 14
84 79 96 43 84 38 55 48 29 3
77 37 1 30 53 84 74 85 25 56
19 54 64 6 6 53 81 45 36 57
80 98 7 21 48 52 60 78 36 77
82 44 44 81 48 56 22 17 1 85
74 36 75 19 48 68 60 58 5 49
8 30 34 21 26 63 11 47 9 47
16 89 42 70 39 36 82 79 32 28
9 76 90 90 97 40 5 45 30 39
36 18 79 16 51 38 14 3 70 97
77 43 43 94 86 39 58 71 11 17
25 12 98 78 49 1 80 21 15 97
72 75 94 52 68 92 14 66 90 62
1 84 65 75 85 7 23 30 76 23
94 37 53 24 21 3 67 19 25 56
58 34 65 36 71 6 29 75 92 95
27 55 3 87 90 20 23 1 8 57
84 56 29 25 45 57 46 30 3 5
34 1 2 96 63 76 36 53 96 75
98 79 12 50 33 61 11 83 4 66
96 12 34 73 38 50 11 72 49 59
52 40 32 39 64 40 92 64 72 87
89 29 19 69 5 38 9 91 67 35
87 17 73 5 94 36 20 93 77 93
68 48 42 76 82 69 8 34 58 47
64 79 59 15 38 46 84 10 24 47
34 91 10 89 68 22 42 3 16 44
57 63 5 16 16 65 7 43 94 56
28 34 51 86 92 11 32 65 58 92
70 15 63 16 50 49 52 57 48 38
95 22 59 21 3 19 69 44 33 24
24 42 48 52 22 56 67 85 89 3
56 36 56 84 75 50 1 19 36 32
95 37 46 44 34 82 9 1 78 22
91 84 80 34 46 34 87 61 26 72
91 77 68 92 38 64 25 80 68 16
32 79 41 5 45 69 36 53 78 60
23 61 86 20 15 94 9 18 67 21
23 90 92 82 97 10 2 74 38 29
32 88 10 45 94 92 99 95 19 81
81 36 46 28 93 25 12 82 86 34
4 21 86 16 53 45 55 96 74 40
53 73 43 24 49 35 84 71 7 88
78 41 53 32 5 19 8 89 56 48
44 91 59 31 18 74 26 36 59 91
97 58 49 70 10 26 72 73 35 93
79 69 77 54 84 54 31 93 80 95
65 90 13 5 21 24 2 38 21 62
80 18 21 57 84 33 56 55 10 10
49 80 39 66 31 93 58 51 18 1
79 96 85 83 68 46 48 77 95 35
30 6 19 61 44 22 60 61 70 74
14 24 24 45 88 68 35 99 91 3
62 11 7 32 5 97 17 67 92 97
5 52 77 1 17 38 5 72 6 87
74 74 86 74 62 84 31 73 90 73
66 78 3 82 32 96 92 19 35 48
34 76 31 86 81 43 49 48 59 43
13 78 82 8 99 99 86 9 73 32
78 51 91 61 83 93 36 52 15 75
97 89 15 73 13 87 85 51 87 90
81 96 25 16 4 49 23 95 93 76
24 49 24 16 61 70 15 7 28 17
32 97 68 33 59 45 62 34 65 81
37 32 47 90 19 56 6 5 2 61
61 48 56 73 57 84 43 74 18 86
4 50 80 7 66 24 61 39 42 87
33 50 54 26 53 37 52 93 22 69
93 70 55 7 72 13 47 79 55 7
39 8 23 97 88 42 69 37 18 38
63 38 68 16 78 18 88 82 39 96
34 24 6 22 61 50 68 98 13 11
77 18 83 45 91 22 69 54 68 86
94 68 53 39 65 67 58 82 99 39
5 43 88 85 12 5 69 56 39 25
90 6 8 90 89 56 47 84 60 98
53 6 97 34 29 33 19 76 68 31
84 13 14 20 67 45 81 58 62 60
36 86 76 55 27 91 54 35 43 42
3 71 4 50 31 86 54 54 40 19
19 15 81 77 66 30 69 74 50 53
59 39 10 35 57 76 65 83 38 22
54 86 23 5 89 85 44 43 10 42
92 28 92 96 91 83 45 4 53 26
96 4 93 72 22 24 11 65 5 67
10 71 69 39 10 54 84 37 30 31
36 96 94 35 36 21 95 28 34 38
88 70 70 15 98 27 90 64 1 79
60 29 30 62 7 54 28 12 6 13
4 24 81 61 48 5 38 48 39 8
42 51 83 1 68 58 83 67 55 87
85 4 81 80 15 3 38 54 23 83
5 4 82 55 11 59 47 74 49 66
62 35 7 68 77 45 99 97 8 44
59 77 92 35 46 53 77 50 56 54
60 99 17 14 96 18 78 26 27 51
13 63 71 85 8 58 84 4 22 79
58 30 80 54 12 47 77 59 94 81
4 52 47 71 61 36 72 32 31 17
29 42 69 71 41 74 37 6 85 19
62 56 23 84 95 10 87 54 2 47
43 98 24 78 68 56 19 47 96 32
5 76 1 50 39 71 93 24 98 27
2 11 62 81 52 14 82 3 60 64
16 13 70 38 76 73 97 99 43 61
99 14 5 23 26 25 81 80 31 74
84 58 79 35 18 25 37 34 66 7
67 45 46 69 5 84 32 13 25 79
14 29 36 33 72 32 78 51 14 50
89 47 20 90 53 80 40 81 77 61
7 74 42 8 30 92 43 22 64 80
65 62 43 19 77 96 85 3 68 42
95 32 98 44 84 1 19 88 59 48
93 55 10 82 10 50 87 50 77 9
13 36 22 50 60 46 11 24 86 32
71 93 97 54 38 80 62 26 87 94
74 26 67 48 64 97 40 96 89 88
99 2 66 16 8 39 57 4 33 3
75 87 39 38 6 99 35 24 90 13
49 61 60 94 89 48 49 71 65 65
88 79 26 74 5 55 58 78 36 94
23 49 43 55 72 33 82 78 77 96
8 66 4 59 70 79 13 88 73 75
8 46 31 81 27 98 99 49 41 15
77 68 11 72 55 1 73 64 28 99
61 61 51 32 66 80 89 72 92 28
15 33 58 5 7 11 7 1 12 45
81 73 74 18 48 16 50 36 76 84
23 87 76 55 38 87 60 94 48 93
18 88 74 78 87 78 23 40 31 94
32 34 74 33 49 16 59 58 2 55
53 43 25 33 71 16 98 65 55 84
8 42 79 43 1 22 21 97 26 60
87 9 62 28 84 28 47 89 25 82
78 32 43 88 55 60 14 10 48 27
30 25 74 74 61 14 89 39 43 76
98 39 4 54 14 26 37 45 1 53
88 45 79 65 13 66 85 93 95 91
11 16 7 44 9 15 83 75 77 26
36 96 69 47 84 41 25 12 28 92
10 7 78 97 87 55 25 55 24 28
3 73 69 53 69 51 63 36 98 45
8 82 44 19 24 12 16 25 93 49
67 12 27 98 54 63 39 71 97 62
18 88 47 96 10 94 10 75 66 45
8 56 35 33 93 14 89 65 47 18
18 20 48 40 92 99 8 56 30 66
9 96 94 46 65 23 71 16 70 52
83 75 69 25 53 97 90 33 20 43
40 34 18 18 80 63 90 66 97 71
21 98 28 40 2 32 30 29 94 23
30 22 99 82 63 99 12 9 29 70
1 52 42 36 24 77 93 88 66 34
87 35 15 86 82 46 83 50 11 31
73 97 76 83 17 18 36 51 22 53
97 88 96 29 33 55 54 21 84 75
13 56 15 21 18 95 28 48 3 51
66 64 72 73 19 64 30 57 89 84
18 93 92 12 18 14 39 1 91 90
4 69 64 79 1 95 25 7 25 20
50 10 12 87 44 42 47 33 39 71
54 31 20 96 4 56 36 29 49 51
89 59 62 88 79 31 64 66 68 60
84 41 86 4 93 78 57 47 93 75
25 38 30 64 17 89 27 59 44 52
82 13 98 9 86 97 62 9 90 84
22 94 69 97 86 11 89 25 93 31
27 68 60 32 90 14 88 50 42 92
44 41 78 9 68 21 21 43 46 27
38 95 38 6 83 74 25 30 68 68
8 57 26 57 89 9 42 68 37 16
15 41 66 86 82 65 15 84 43 14
94 25 59 75 28 33 15 39 89 39
65 19 2 81 20 21 42 95 57 13
67 45 18 46 96 52 66 56 98 52
15 86 76 21 71 76 28 54 46 8
48 6 44 94 92 95 22 8 67 63
41 2 59 97 47 97 64 25 71 98
57 9 52 10 12 79 18 37 81 92
63 20 86 35 93 86 73 11 65 87
76 32 53 81 51 58 64 55 53 98
11 61 97 31 54 93 35 80 78 33
66 48 15 48 38 89 59 2 3 11
65 77 61 20 15 88 37 35 52 35
46 43 96 97 19 70 36 38 97 28
6 83 89 35 73 45 29 15 19 56
63 88 22 65 98 19 56 18 61 3
72 3 69 52 33 26 38 22 5 72
6 36 76 85 34 16 69 6 76 93
40 13 7 11 10 10 25 55 66 53
95 42 33 77 9 45 55 99 60 43
12 24 93 18 77 98 84 62 49 91

neh:
10989
15 123 198 60 101 135 73 63 11 36 117 165 179 187 147 97 25 50 173 23 170 119 145 52 126

data.098:
200 10
91 3 26 16 53 43 43 5 26 20
23 29 31 35 53 78 7 37 50 68
99 65 7 98 66 80 16 23 93 70
12 40 88 8 74 43 2 27 73 50
22 51 75 63 76 75 19 78 76 40
38 79 15 68 6 90 96 86 46 87
26 20 37 18 76 69 38 81 81 59
67 13 10 80 95 39 90 49 9 16
57 12 13 68 11 76 72 88 53 52
2 19 57 46 15 26 80 91 30 60
73 84 68 21 54 71 21 16 30 35
71 15 91 4 47 88 77 25 66 18
54 56 32 95 94 46 55 55 75 1
75 80 28 60 55 42 94 34 32 52
65 69 98 2 63 97 67 93 60 74
28 48 4 56 56 25 73 22 47 95
85 75 77 50 74 37 20 78 26 94
43 7 28 55 93 54 25 43 23 64
40 5 24 31 34 46 1 98 79 31
66 91 54 69 8 46 43 62 36 64
35 25 13 73 62 81 78 3 99 91
84 9 91 35 52 34 61 15 99 37
47 13 69 10 11 90 9 8 53 33
37 18 55 75 50 81 22 2 11 90
65 59 13 49 27 38 43 11 90 58
11 56 98 33 73 27 23 75 14 74
81 57 13 41 87 88 10 65 81 68
32 21 74 65 7 42 22 37 60 87
23 25 46 83 31 76 3 76 86 18
77 78 99 71 63 60 82 8 5 31
17 73 50 37 83 7 80 76 44 72
46 89 50 95 79 38 47 67 84 19
41 3 26 46 19 97 59 95 95 67
85 26 22 34 6 48 96 12 15 69
74 81 5 59 36 28 28 93 75 80
82 24 79 50 31 6 50 73 72 63
87 86 33 65 28 93 8 31 78 20
62 8 41 17 19 8 43 68 74 22
49 66 78 93 80 55 94 46 51 6
93 25 15 91 5 51 78 77 87 86
99 49 78 10 77 65 87 70 50 66
84 87 40 97 5 93 52 60 48 99
45 31 23 42 25 52 6 27 70 59
98 15 68 95 13 36 44 58 62 21
50 99 55 3 87 10 37 25 84 37
77 1 64 86 8 8 11 72 81 26
25 52 11 17 92 50 6 72 52 73
10 46 42 85 89 93 32 11 7 69
69 27 86 4 21 79 70 43 35 28
53 17 16 54 56 54 16 80 93 29
39 8 96 12 49 83 63 74 71 41
62 84 67 10 75 85 39 59 74 26
75 94 97 61 59 33 18 11 81 76
81 36 34 33 70 76 4 76 94 77
24 21 48 70 68 73 32 64 44 48
99 61 55 97 36 54 21 89 33 17
78 8 59 55 9 89 75 12 94 71
6 9 14 78 9 92 3 64 62 5
70 78 86 7 25 58 77 89 57 28
75 19 54 72 2 47 2 87 89 24
22 36 19 90 73 71 53 73 67 47
18 68 60 38 73 99 17 14 5 74
87 61 55 37 32 86 93 38 15 94
37 68 1 30 60 67 57 94 72 99
17 11 28 24 25 34 78 26 79 98
20 90 59 17 12 83 27 20 56 52
84 5 70 76 15 93 3 9 87 12
7 97 51 35 75 20 67 38 14 33
84 35 67 36 56 93 26 77 46 18
79 3 55 26 35 31 67 24 68 77
29 76 20 75 78 22 64 49 90 85
22 9 56 69 15 39 70 95 84 6
29 49 4 67 35 90 47 15 23 45
44 85 30 80 22 99 34 8 10 8
74 10 33 47 10 66 58 22 64 18
2 19 67 40 34 61 56 43 45 19
23 84 52 82 28 86 74 95 54 71
83 71 24 87 49 72 93 87 57 99
79 8 66 86 26 22 84 75 34 26
91 67 18 29 29 2 75 91 28 89
17 23 92 77 66 98 89 77 51 20
80 11 5 10 19 13 64 30 35 67
39 74 58 43 33 34 46 49 82 8
64 32 65 97 9 37 12 4 21 44
30 37 67 37 92 20 52 48 34 7
73 52 80 25 98 18 97 82 46 23
7 69 27 23 35 45 29 18 21 35
53 68 82 28 73 49 49 34 86 32
98 34 49 40 91 58 25 37 15 88
88 9 8 69 69 93 5 27 16 35
92 5 53 31 35 29 30 52 93 90
31 69 18 63 92 98 8 56 21 16
46 41 31 1 79 85 10 29 55 40
92 8 2 92 74 15 66 99 1 51
14 50 17 78 90 28 61 82 52 83
51 18 74 91 90 41 80 35 5 2
77 97 4 36 58 97 52 50 23 8
65 49 53 30 99 53 16 79 54 31
8 57 48 96 27 25 80 83 31 75
32 63 18 18 90 72 88 67 56 37
53 1 52 42 49 69 80 53 11 27
52 73 41 88 19 34 50 16 87 39
87 39 23 28 57 89 24 45 46 38
88 41 87 99 4 15 83 61 70 95
44 87 6 20 7 28 10 62 25 29
20 98 44 31 5 2 59 88 63 49
89 48 47 49 36 54 51 84 87 52
69 39 54 39 89 1 75 3 12 6
73 74 84 9 87 28 66 44 23 26
49 87 31 11 75 94 6 70 40 89
93 88 33 70 38 2 26 26 22 75
7 4 44 13 19 11 86 94 31 30
62 98 25 93 83 78 50 12 79 98
4 19 2 60 64 19 6 54 4 53
54 94 56 12 98 6 87 79 47 66
55 25 72 7 85 48 18 18 73 95
46 46 41 69 84 34 65 55 54 72
37 27 9 19 89 61 48 20 44 89
47 70 87 62 38 3 46 53 45 41
43 85 79 44 52 26 54 25 48 42
20 42 63 25 75 45 70 86 39 95
61 18 40 96 50 83 9 50 76 22
32 92 87 22 77 41 79 79 67 79
85 62 23 61 41 93 81 94 26 93
93 22 3 54 19 33 71 11 75 72
23 38 35 95 91 40 91 26 70 77
73 82 92 72 14 93 80 9 89 46
12 48 55 67 12 76 88 17 49 58
76 23 6 66 82 43 44 99 50 2
38 98 80 44 33 15 33 91 63 71
13 25 27 6 58 41 66 53 73 71
85 73 77 30 8 79 6 49 52 42
79 34 99 42 97 58 77 71 49 5
22 94 63 21 99 41 13 33 81 43
81 10 92 22 27 54 79 31 7 75
75 73 89 65 1 98 99 34 83 54
7 47 16 75 1 89 22 92 70 63
27 95 24 71 15 95 60 92 77 80
87 18 23 92 50 74 30 18 39 97
96 69 52 90 25 82 95 73 61 70
45 29 62 4 85 82 40 33 58 22
94 11 72 94 40 71 55 98 48 85
12 42 36 86 26 2 17 52 34 93
39 98 2 75 93 62 51 19 58 39
59 82 71 61 17 86 24 63 48 18
19 98 62 5 39 79 85 33 29 95
12 86 9 89 72 26 94 59 38 52
85 96 40 27 74 79 4 37 8 26
99 90 93 65 9 51 21 71 88 5
81 24 3 4 66 52 84 93 29 28
5 6 13 98 79 27 91 14 74 46
17 18 34 89 77 8 7 35 70 15
17 43 54 17 10 5 36 6 7 5
30 25 29 20 7 18 41 72 64 83
36 20 71 89 62 10 62 37 26 96
73 34 67 12 30 17 54 34 58 25
87 34 59 96 99 60 65 64 85 64
44 58 77 98 40 50 63 81 65 71
37 47 64 48 44 94 89 77 44 2
12 76 19 37 86 96 81 66 84 40
97 79 63 58 86 20 90 41 56 39
47 66 15 72 97 82 35 78 54 4
7 12 36 73 60 45 91 70 25 47
91 26 53 34 91 72 69 48 93 75
24 95 8 2 87 96 29 8 37 48
76 27 39 27 6 30 76 56 61 39
76 74 38 4 16 29 40 90 16 34
65 4 8 45 6 22 60 36 75 76
97 82 48 1 46 88 28 24 49 38
32 36 56 30 36 26 4 81 82 55
99 38 96 99 87 12 22 85 50 26
83 9 68 75 66 80 91 77 86 4
70 76 47 87 43 14 70 46 5 90
17 69 95 31 15 13 66 89 63 93
88 18 43 81 33 77 41 39 24 60
42 38 54 61 85 7 23 49 32 31
63 72 58 6 55 27 13 40 98 73
54 46 79 22 73 64 58 31 1 79
10 57 3 27 53 71 54 13 95 46
3 45 36 26 35 92 66 30 14 10
5 95 9 28 46 46 6 71 26 14
75 26 78 41 81 92 3 27 25 8
92 70 28 49 57 22 60 68 8 33
13 37 34 32 18 8 71 99 96 58
27 42 12 60 43 6 54 35 23 39
13 31 72 22 84 69 39 38 75 94
35 42 22 79 95 55 69 52 95 74
63 88 54 96 41 13 8 18 9 92
4 22 54 88 81 11 85 92 21 16
46 21 16 61 31 84 72 14 70 68
60 83 18 46 46 61 63 66 16 13
44 31 76 84 39 34 56 18 7 72
88 72 94 80 64 48 1 9 96 27
64 17 56 98 36 44 38 87 54 22
13 50 31 99 37 15 88 60 50 65
82 37 97 97 94 35 94 47 19 28
67 33 18 60 15 40 55 23 62 82
33 90 72 89 7 97 87 10 56 6
64 85 12 5 93 10 82 33 95 58
19 88 83 70 61 50 31 32 56 60

neh:
10829
151 43 105 19 154 168 163 180 101 179 2 156 170 131 65 47 197 184 189 66 8 83 70 60 137

data.099:
200 10
64 66 53 93 60 74 79 68 80 49
52 61 74 84 32 82 79 15 28 75
2 18 51 29 5 47 59 41 31 94
49 44 52 96 37 63 69 23 10 44
20 87 33 6 88 51 14 50 37 98
96 82 35 71 55 12 30 92 69 50
64 61 97 54 60 24 89 82 57 47
70 97 20 69 97 24 7 84 9 60
79 39 23 98 78 11 69 53 48 40
36 27 96 13 50 67 73 97 60 97
7 10 35 91 41 16 62 82 26 97
48 29 31 24 20 36 53 58 62 81
81 56 44 73 61 3 82 61 37 54
70 51 72 64 95 96 73 71 85 88
65 44 76 47 42 37 34 23 97 1
30 98 26 19 30 96 78 45 70 47
68 69 36 47 81 15 32 6 59 95
61 25 98 3 2 4 57 32 4 55
40 29 11 82 11 62 2 69 91 31
15 30 3 51 84 22 37 7 22 69
39 97 28 40 49 88 45 1 22 63
5 63 62 31 12 21 70 59 63 19
27 91 68 38 9 96 60 87 84 56
19 32 66 27 93 19 88 1 8 89
99 64 21 70 61 21 1 77 45 68
75 16 4 28 31 32 73 55 40 35
75 69 92 55 55 86 96 60 51 6
9 80 65 20 79 3 64 30 23 58
42 29 29 32 96 89 80 14 67 62
11 66 8 69 35 50 19 27 38 57
53 86 67 39 20 48 83 11 91 13
18 12 90 95 42 53 40 38 92 97
43 83 45 52 81 36 92 71 66 4
9 50 48 40 46 65 97 43 24 94
15 53 93 25 81 89 30 55 11 17
27 1 78 73 5 93 69 85 74 32
26 2 79 51 65 22 38 65 94 54
67 35 97 41 83 57 22 64 95 74
26 56 5 56 9 68 13 61 40 14
67 23 93 32 70 11 22 19 42 12
41 7 8 85 74 85 77 87 61 61
5 48 36 7 51 92 3 4 7 14
15 22 68 91 99 20 19 83 79 63
54 39 98 22 80 1 62 4 73 13
82 25 21 72 53 66 13 38 81 54
74 57 25 14 95 13 23 40 29 71
34 33 95 53 83 77 38 94 67 44
73 5 79 24 70 10 51 94 50 85
44 2 58 71 50 60 20 88 17 13
84 62 65 45 24 38 74 57 62 89
45 88 91 19 52 11 98 33 91 29
11 96 73 32 17 48 98 99 92 94
67 92 22 82 23 48 82 51 19 4
16 28 78 60 45 83 77 58 10 34
3 5 83 61 35 59 47 1 88 27
34 54 45 29 51 51 93 29 31 2
40 87 15 65 66 70 12 31 80 1
31 77 1 89 2 73 33 26 59 38
90 16 49 96 1 26 77 93 49 13
29 72 64 54 12 52 92 12 92 6
68 18 93 24 46 6 93 55 60 76
25 15 70 3 4 85 9 77 76 40
68 81 3 51 69 98 89 63 77 92
95 62 52 30 27 26 62 53 5 84
52 21 13 92 62 8 19 41 26 45
77 33 65 6 45 95 91 34 94 86
60 75 4 37 96 74 16 57 27 55
12 60 18 92 29 58 76 37 77 91
74 1 61 89 5 52 74 71 36 18
86 38 21 6 78 50 6 77 58 53
9 51 63 39 65 4 80 18 15 44
89 76 44 14 30 65 27 16 65 81
24 89 38 36 32 64 20 26 82 11
93 37 45 77 93 36 5 25 43 24
71 87 2 68 97 68 49 38 98 54
52 7 79 6 76 66 8 45 21 41
88 24 39 59 17 33 85 92 42 41
28 86 2 18 75 25 2 40 17 51
53 76 91 78 75 64 25 46 39 2
23 4 65 78 44 49 88 56 40 92
48 32 74 66 40 44 75 84 45 44
73 36 48 57 63 61 42 39 74 58
42 37 36 95 49 23 17 22 65 61
7 74 77 77 21 91 34 39 2 94
87 28 70 95 86 1 51 57 5 73
8 7 42 94 60 95 28 55 60 74
95 67 63 39 88 33 71 90 57 24
31 50 64 25 44 51 89 16 49 1
68 40 64 39 84 70 50 44 48 62
49 21 88 35 88 90 29 17 78 83
82 31 14 40 34 25 9 21 89 36
58 15 38 7 66 87 81 79 60 75
92 76 71 66 55 25 30 20 63 55
47 39 6 88 15 80 64 34 56 98
83 46 80 85 51 49 9 84 49 32
91 96 91 52 28 86 12 1 49 5
7 4 46 1 41 60 15 17 10 53
61 9 21 63 7 75 2 1 11 64
49 96 52 50 74 87 2 97 23 57
65 92 3 7 54 8 22 77 77 26
65 73 35 58 68 2 31 65 91 56
90 60 87 59 82 55 29 18 67 89
59 30 97 48 34 92 81 17 52 27
94 90 5 48 3 93 31 41 45 89
97 94 19 54 59 18 47 28 84 15
61 68 92 60 51 5 23 26 12 68
63 85 58 90 60 9 38 60 19 10
83 36 47 88 42 20 70 81 52 90
54 52 90 36 32 75 60 25 73 61
5 40 42 23 53 88 50 45 49 42
10 86 58 23 48 26 68 94 11 34
4 54 79 71 56 50 77 11 22 47
12 71 62 79 58 38 94 30 58 11
50 79 16 69 95 99 68 93 39 19
21 72 80 72 14 90 84 31 12 25
51 97 40 69 70 42 45 14 2 72
90 35 11 13 98 99 56 97 34 88
52 87 1 38 21 21 22 71 76 8
37 23 90 48 21 16 3 52 94 19
94 78 73 69 4 95 88 82 73 93
77 36 53 33 6 87 57 10 66 23
48 79 66 29 6 41 86 48 70 28
25 75 60 40 58 14 67 65 68 93
8 18 4 63 29 60 93 61 68 77
75 2 52 13 61 22 42 63 35 8
14 8 43 43 84 18 1 49 95 17
11 26 11 34 79 51 96 1 31 1
20 85 99 40 98 12 37 29 28 26
58 51 70 47 12 12 96 11 87 48
97 22 49 53 60 64 50 30 51 95
29 25 64 75 89 62 99 74 3 71
53 55 88 35 61 46 8 42 56 23
53 23 58 68 18 79 70 56 31 45
11 34 58 89 53 95 72 35 76 62
97 28 55 13 98 54 17 22 63 77
91 10 57 23 7 77 73 73 20 89
42 44 35 95 65 20 53 68 45 28
19 67 32 8 37 50 72 78 41 64
86 54 75 65 88 29 84 94 76 61
68 53 99 22 19 75 26 17 89 50
24 38 22 10 38 72 93 23 33 13
21 38 59 58 38 58 82 47 57 41
7 93 90 53 63 25 62 66 58 46
31 41 65 99 14 7 50 11 2 60
57 14 91 21 33 7 45 83 54 28
6 3 93 82 32 60 5 98 41 53
90 32 81 75 61 21 12 81 97 60
26 78 17 17 79 79 48 76 48 56
4 41 44 50 20 75 82 5 23 52
97 93 27 92 74 56 45 44 49 49
4 25 50 68 78 37 50 18 61 12
14 95 48 82 58 68 30 15 84 48
22 90 38 92 87 86 49 94 83 69
21 33 92 54 24 99 52 15 34 24
22 91 18 17 25 7 7 16 1 10
38 65 47 18 61 32 35 19 7 65
64 40 35 66 47 54 33 25 21 14
54 33 37 54 6 74 9 14 71 35
15 34 91 76 9 99 52 30 74 59
47 7 85 10 97 64 47 82 41 90
88 50 82 28 23 51 45 52 7 81
58 7 40 44 90 67 82 93 5 11
53 74 10 23 16 87 30 99 65 9
93 53 65 26 3 48 80 22 42 77
4 2 28 55 30 72 3 46 10 24
83 83 70 6 96 54 58 54 37 75
39 76 22 93 20 64 30 71 95 38
50 37 36 6 79 32 27 27 94 90
36 22 68 75 96 11 72 79 7 25
75 62 17 96 91 60 1 45 18 3
35 75 61 27 11 76 46 75 13 95
86 80 23 20 31 25 90 92 37 24
36 74 7 61 88 44 87 89 76 94
71 65 4 72 5 24 27 16 59 33
43 38 4 68 40 59 69 44 47 57
46 69 48 26 27 13 20 30 42 86
48 85 66 34 20 9 57 19 70 13
16 21 24 2 85 59 37 69 72 15
91 25 25 7 71 79 94 37 37 7
45 45 60 4 24 60 61 15 13 89
31 90 2 34 31 81 6 82 75 11
53 55 79 51 94 96 46 16 25 80
8 92 62 66 35 95 67 57 50 86
15 36 63 34 36 57 2 78 64 26
10 49 72 85 81 41 52 18 37 86
46 47 38 36 38 64 24 45 13 98
37 26 9 8 81 83 29 5 15 74
87 4 88 35 62 30 27 57 34 5
25 43 40 83 20 54 30 40 70 17
96 83 37 29 46 78 65 96 55 66
21 92 49 15 15 53 36 53 19 61
99 26 26 14 80 19 3 53 30 86
67 94 73 57 78 8 33 93 90 13
23 31 57 59 97 17 89 75 2 49
16 59 26 71 23 35 36 50 62 33
5 84 37 55 62 51 42 34 14 83
50 15 96 65 48 89 25 66 34 40
40 2 98 68 38 37 87 20 48 39
5 25 33 10 35 29 64 13 89 90
67 48 80 33 8 9 47 75 90 3

neh:
10574
124 97 127 20 146 156 158 71 30 199 26 149 187 157 91 178 3 65 151 119 118 18 62 88 138

data.100:
200 10
7 88 69 22 26 60 68 2 34 48
3 75 74 83 5 37 42 62 49 12
45 17 88 19 53 28 14 62 84 62
44 86 93 8 1 70 51 58 38 95
54 77 19 62 56 4 1 14 88 91
36 83 26 40 85 71 60 32 55 52
79 27 92 71 21 65 44 27 2 70
40 65 76 48 8 83 49 52 10 89
10 58 16 49 47 67 89 90 44 18
51 15 16 40 66 93 52 34 75 18
39 28 55 83 12 43 53 90 37 83
45 23 10 57 4 9 35 81 63 4
96 50 71 68 50 75 80 70 47 72
30 73 20 50 44 22 18 37 1 62
89 36 46 99 16 6 46 89 88 77
70 2 43 89 37 49 60 91 97 89
96 46 9 90 73 71 41 75 96 90
32 49 57 40 46 82 36 82 60 63
55 51 85 1 8 72 78 40 14 70
98 44 5 26 88 4 81 32 98 77
15 97 41 72 42 69 12 57 72 76
79 26 85 35 61 18 79 89 33 36
92 58 61 35 13 49 25 36 84 30
9 88 33 23 27 77 28 24 29 95
49 40 25 40 91 74 40 61 22 20
11 31 82 83 83 64 99 19 91 79
57 88 91 85 87 24 70 15 13 67
44 36 22 83 47 24 21 52 34 61
55 53 49 53 26 22 83 58 34 96
91 59 89 97 98 68 1 18 81 81
23 17 33 99 60 53 59 28 63 3
13 86 37 20 84 45 41 79 20 71
23 72 37 41 57 98 91 6 45 83
80 88 20 58 20 69 62 99 50 88
69 61 60 42 36 77 97 92 32 21
74 47 82 62 51 4 47 92 66 92
4 80 70 99 68 61 1 47 49 55
40 65 18 76 35 71 58 35 4 82
19 47 17 95 31 49 5 35 20 50
93 18 12 25 82 26 82 79 17 49
86 98 44 2 93 57 24 66 62 3
45 12 91 48 79 46 94 68 74 53
2 51 58 16 68 52 66 7 34 70
65 81 3 87 94 80 68 37 81 39
79 70 79 33 26 65 76 17 55 63
17 3 24 24 96 43 35 33 87 74
28 45 16 22 99 95 49 53 80 7
90 87 42 5 86 69 38 53 29 85
5 89 77 41 69 51 95 94 35 76
67 15 20 42 58 24 82 86 73 44
71 13 31 69 82 19 56 56 62 9
28 90 42 62 37 55 41 22 9 10
47 40 34 59 15 69 73 12 88 51
56 85 87 47 49 94 43 32 17 30
19 19 69 88 18 98 71 75 90 37
92 99 81 92 28 54 73 94 44 67
57 52 37 3 68 36 1 79 98 78
52 44 2 53 14 57 71 73 84 58
77 94 90 45 90 88 73 6 66 58
4 34 96 5 15 94 55 15 2 36
45 35 68 87 76 44 59 97 39 97
94 53 98 2 33 13 71 35 41 30
81 86 3 98 31 70 18 7 6 73
61 32 12 98 88 8 1 40 48 50
56 3 7 20 3 16 83 59 86 29
97 20 20 69 2 44 40 28 65 44
44 64 86 70 14 67 60 81 43 25
86 14 21 77 40 45 73 15 73 51
61 24 34 51 25 12 23 80 34 69
64 80 4 50 56 75 35 58 70 96
64 57 95 65 98 95 20 12 8 37
95 75 44 27 67 37 84 78 95 41
63 59 22 79 1 10 44 55 9 2
27 5 31 75 59 28 23 10 90 46
9 26 71 14 89 94 38 96 79 79
49 21 23 92 10 36 44 29 14 16
31 25 52 98 56 38 40 13 75 87
14 97 92 50 68 84 15 58 94 76
67 24 21 85 46 90 52 40 43 11
72 84 96 9 77 58 94 11 7 1
49 48 22 52 29 50 42 90 66 27
74 3 88 40 32 80 32 78 63 87
46 1 87 2 51 1 71 4 12 99
84 84 24 27 68 98 5 91 55 60
6 78 17 13 8 39 37 30 18 30
48 21 82 22 83 26 7 9 91 68
19 25 1 70 31 56 69 73 32 32
56 54 65 93 68 2 44 17 21 85
65 30 22 62 65 4 69 22 2 45
18 45 77 62 50 79 24 91 99 7
91 52 38 45 86 93 32 12 46 97
57 54 20 88 60 86 53 49 56 38
31 19 77 53 69 71 61 97 44 55
19 17 64 82 18 28 83 20 39 29
85 57 49 24 23 90 27 39 43 93
37 1 46 88 76 90 91 43 47 5
92 17 74 22 75 57 31 44 38 12
28 60 96 28 53 39 46 56 53 46
83 95 56 93 72 54 17 54 34 61
61 87 94 30 7 93 24 76 72 65
51 36 81 61 5 57 23 72 16 35
97 30 79 34 32 96 36 93 42 72
14 14 49 68 81 20 12 16 81 10
36 41 94 43 59 27 21 24 31 3
30 3 3 87 28 52 60 96 81 78
11 44 59 2 88 17 67 92 68 19
2 88 66 45 56 28 62 90 11 85
20 22 85 68 20 6 40 27 41 45
65 37 69 11 13 10 99 17 83 43
67 29 7 14 93 79 54 85 60 87
7 70 22 25 24 81 78 9 46 15
56 81 68 81 36 38 11 56 32 78
67 58 89 11 58 67 81 61 74 75
96 17 50 91 49 88 59 76 94 14
46 93 28 37 44 90 82 35 58 87
27 81 56 20 27 56 99 79 14 40
42 34 55 4 42 71 97 71 37 84
48 49 69 57 71 97 77 87 77 65
30 33 90 50 51 92 64 24 9 4
89 72 29 55 89 30 78 6 70 68
5 84 33 34 28 74 75 9 26 32
53 2 54 14 89 66 45 88 67 75
70 1 19 64 11 3 37 70 18 25
44 11 72 90 94 89 74 9 24 49
94 56 86 74 92 74 12 33 57 7
97 91 29 80 93 15 11 24 27 5
26 29 42 29 39 51 13 68 37 75
87 46 56 13 59 62 15 49 86 58
79 68 76 67 84 77 70 51 31 40
11 7 24 61 81 88 51 45 46 15
44 75 79 22 30 14 18 31 59 82
11 18 77 9 69 38 92 75 2 40
46 98 56 32 19 62 86 11 98 32
86 32 35 68 49 73 25 45 65 63
35 42 22 60 44 23 52 52 9 39
44 89 91 49 19 26 53 59 32 53
9 91 95 48 51 70 81 32 87 85
25 16 41 7 11 4 67 69 51 47
48 83 41 76 16 8 32 25 23 28
86 47 23 13 7 9 62 7 39 15
85 30 10 87 31 54 53 30 86 42
90 1 78 2 88 84 11 19 3 97
58 18 50 20 17 5 11 14 61 70
72 64 97 98 29 53 61 89 42 53
90 16 90 2 16 50 35 71 60 59
81 58 95 22 2 84 3 75 98 88
18 5 74 68 52 92 21 2 7 58
2 42 1 33 21 23 5 31 7 53
10 1 28 6 38 78 6 39 70 46
93 22 21 63 49 78 87 81 13 78
15 60 69 40 53 62 95 25 44 60
2 48 20 18 9 55 84 87 76 70
78 31 89 87 41 24 39 10 58 33
41 60 46 80 55 22 48 74 16 74
40 82 92 16 25 46 49 24 28 39
99 87 79 34 13 27 99 75 6 25
78 84 33 61 4 35 27 19 47 34
78 3 26 13 74 94 81 60 15 59
74 34 92 83 52 93 42 21 94 82
41 75 66 85 90 53 90 77 22 89
64 40 39 76 5 87 54 35 7 94
60 71 16 75 40 46 49 76 33 83
32 26 93 54 51 85 75 75 33 51
30 86 84 9 29 26 36 25 52 56
66 65 16 21 17 87 53 78 4 82
30 33 59 96 8 26 92 47 28 52
58 94 33 88 91 24 13 70 16 30
54 30 18 21 85 6 11 33 51 63
78 41 11 17 77 99 87 53 25 47
65 64 17 53 20 85 97 24 64 29
69 22 7 4 93 51 50 94 82 99
13 91 68 72 65 36 37 7 48 8
86 71 15 23 83 40 24 92 81 64
43 41 51 11 35 96 22 29 76 17
6 54 78 39 23 73 53 78 83 45
61 56 52 64 4 31 19 92 1 37
17 11 30 20 27 16 47 15 24 9
57 47 75 54 19 31 64 68 91 6
45 7 11 12 71 34 59 74 86 90
94 5 79 35 15 50 55 33 38 69
50 8 75 1 91 14 58 63 90 80
18 32 66 24 73 21 18 2 73 61
67 79 98 14 36 77 83 57 95 22
20 11 88 5 16 26 11 88 4 5
42 32 8 74 70 1 90 42 81 86
45 26 45 90 62 13 40 68 58 25
67 3 74 40 65 65 73 77 5 57
21 26 15 52 77 30 11 79 36 19
64 36 99 66 83 18 71 95 48 24
79 15 55 53 25 5 88 79 42 94
92 5 90 92 98 27 66 9 43 93
66 71 84 42 63 88 75 11 40 16
9 28 56 23 47 42 73 83 58 99
80 91 50 47 11 3 27 11 89 30
67 69 19 14 38 82 12 67 89 49
59 41 81 12 29 8 30 62 84 7
68 11 18 12 31 67 56 55 95 19
72 71 41 70 63 16 34 92 16 15
51 70 1 56 35 73 7 30 66 28
10 66 46 39 97 74 84 40 20 84

neh:
10807
149 148 138 179 152 177 143 46 14 135 174 39 43 89 31 127 182 176 24 168 65 10 28 193 130 69 85 86 131 157 101 83 25 5 19 165 105 188 166 119 3 106 38 194 32 68 116 9 142 74 186 161 103 197 7 158 77 98 136 53 57 50 52 88 23 154 111 11 117 8 47 2 164 29 196 171 79 187 167 108 151 195 145 185 170 181 73 81 95 169 80 63 75 141 190 153 107 128 175 200 96 126 180 4 70 110 16 172 93 37 40 133 26 61 35 137 1 84 113 17 178 198 191 183 33 21 15 118 150 58 122 112 49 44 124 173 36 67 160 159 189 115 114 34 162 91 82 78 156 120 42 30 99 94 146 144 163 100 72 92 56 54 20 22 45 13 55 6 102 129 59 66 90 48 134 18 132 125 27 199 12 109 60 41 123 62 51 147 87 155 121 64 184 192 139 97 140 76 71 104

