data.051:
50 20
52 63 82 16 63 94 79 22 80 96 53 54 71 27 95 3 92 80 61 74
95 99 21 26 55 34 21 6 13 3 19 67 90 93 53 80 62 38 86 38
42 69 79 46 59 89 93 24 64 50 99 25 59 49 54 78 11 55 16 4
75 70 95 66 35 62 32 55 77 57 62 77 82 63 22 32 83 34 42 31
44 53 46 76 21 47 8 48 17 66 88 38 22 65 84 53 87 85 14 62
57 21 23 31 59 66 45 57 78 84 93 98 88 34 54 43 66 44 92 39
89 10 40 36 78 76 37 78 82 98 34 96 35 10 2 85 98 47 67 97
53 31 95 8 25 15 78 5 4 55 72 20 49 56 80 19 42 66 77 57
84 80 87 37 30 18 26 50 72 70 42 15 78 51 84 48 23 19 46 9
62 18 37 21 38 54 98 83 93 32 65 36 69 97 66 49 45 66 41 54
91 5 24 3 78 24 17 70 68 31 39 65 76 52 25 66 52 61 78 13
14 18 24 76 79 55 25 21 25 64 79 97 2 46 16 22 6 60 3 47
95 17 65 67 58 96 21 71 67 11 9 27 14 16 79 37 3 98 72 6
89 71 62 5 44 10 28 58 80 9 26 25 3 50 90 51 64 82 95 70
4 90 19 47 38 12 68 36 43 32 72 61 22 96 51 82 55 79 53 19
95 93 67 72 76 96 24 50 93 58 29 24 26 85 29 59 97 71 59 97
2 14 66 66 70 53 62 31 21 98 36 97 44 61 29 88 83 28 34 41
97 49 6 56 72 92 89 86 33 95 48 61 1 76 90 77 42 74 66 1
68 52 65 95 85 77 60 29 14 25 57 75 4 30 83 19 81 27 42 57
20 7 59 49 8 6 64 30 30 4 95 92 16 90 83 32 92 33 63 60
33 78 2 47 10 91 38 93 59 45 93 73 55 42 19 52 68 13 27 62
51 57 67 26 84 14 90 49 83 60 79 21 43 88 95 9 46 9 92 14
98 41 82 81 42 41 87 83 85 87 88 29 87 37 87 96 56 12 8 90
8 75 90 56 67 30 1 89 85 31 77 3 35 43 12 23 88 51 65 76
85 98 30 76 20 85 99 44 70 1 94 96 76 88 34 64 50 16 34 12
86 93 63 66 24 17 34 38 35 96 39 51 98 91 23 22 13 49 6 89
73 33 5 36 75 23 9 62 2 22 74 26 78 14 44 37 23 83 42 37
4 75 93 53 23 60 22 45 76 95 46 44 81 63 30 3 13 48 39 35
40 68 53 26 33 76 74 22 46 73 17 56 48 65 82 52 49 13 2 91
98 33 85 52 60 39 14 85 72 77 30 31 25 74 83 44 18 78 7 69
12 60 81 29 20 85 14 39 69 30 62 64 81 71 42 11 50 96 85 55
59 82 73 36 75 10 84 98 46 88 77 38 27 8 56 21 94 77 32 48
44 24 34 68 83 65 75 56 3 14 43 44 84 39 89 85 71 68 14 56
46 99 74 21 26 15 37 68 57 22 98 46 59 95 38 6 64 88 74 84
2 4 13 71 92 55 32 84 71 93 48 66 98 82 96 40 31 77 59 22
41 97 78 61 29 41 29 77 77 48 14 31 14 17 10 68 21 76 95 51
28 24 35 71 39 28 32 67 33 10 45 48 32 38 3 30 2 73 48 43
83 50 20 69 14 93 89 53 49 7 25 27 95 69 53 35 63 92 37 50
28 55 16 28 74 88 12 46 59 14 98 82 30 17 97 58 58 72 59 62
21 91 48 86 66 27 47 24 82 91 30 51 13 24 11 31 36 87 4 61
80 46 12 27 86 77 19 52 59 5 90 90 68 66 65 11 64 66 42 10
71 58 11 41 10 81 97 96 70 43 92 63 19 75 47 11 52 98 93 87
4 17 80 86 27 19 7 2 76 30 35 85 57 52 76 6 8 40 32 99
60 47 9 55 8 76 12 88 10 79 13 36 65 59 22 59 94 31 30 40
34 82 24 17 7 55 43 33 65 39 75 69 13 4 17 64 51 75 16 91
55 6 76 62 97 67 89 27 19 34 55 67 63 73 14 65 36 45 95 64
53 15 32 96 84 65 14 49 77 77 80 81 26 56 11 23 82 98 58 62
96 91 35 59 56 8 33 78 86 81 67 18 96 19 69 80 30 90 12 53
37 74 66 53 61 18 56 82 21 11 3 81 53 39 91 75 17 4 95 33
37 42 48 93 9 56 57 65 75 10 93 72 94 51 53 63 21 23 21 16

neh:
4082
35 43 20 50 45 31 5 10 33 26 6 8 36 42 29 41 46 47 28 49 32 1 13 16 34 12 48 2 38 7 39 22 17 40 11 23 14 37 21 24 18 19 9 15 4 30 44 27 25 3

data.052:
50 20
47 46 70 23 53 61 77 25 15 54 72 57 65 55 99 26 72 80 90 57
77 12 96 21 66 18 74 96 71 1 79 4 89 71 76 97 47 95 30 61
66 17 56 89 41 82 69 32 11 54 76 35 18 5 88 65 52 41 88 4
13 87 22 51 79 96 8 37 98 10 84 86 14 34 99 27 40 18 69 58
77 35 44 34 58 68 84 19 77 35 35 50 60 24 82 77 49 14 51 94
20 27 83 62 57 7 81 42 50 27 84 63 78 18 1 43 86 65 7 50
29 71 66 6 17 65 37 86 39 57 62 17 56 84 14 4 75 26 26 31
11 11 56 22 66 95 26 49 14 90 47 11 3 39 15 77 26 5 5 25
85 97 27 75 42 30 10 55 66 91 26 99 79 76 13 66 37 7 1 34
98 83 52 22 66 84 60 92 41 64 74 22 15 19 38 38 29 75 90 80
36 63 46 5 16 23 72 85 1 90 30 76 48 95 84 1 34 95 40 94
92 22 83 37 19 75 89 94 9 59 14 98 9 98 53 48 86 67 78 82
99 47 76 72 42 71 49 22 40 54 74 35 72 48 23 20 96 93 68 24
65 46 25 6 80 60 47 30 94 43 42 18 41 15 52 95 36 90 31 98
34 72 28 90 9 21 47 93 60 69 93 82 83 62 66 39 55 73 91 74
35 16 26 71 48 76 90 83 5 13 89 96 27 70 4 13 41 63 23 98
42 35 98 47 62 37 6 95 44 27 19 7 73 7 98 9 97 25 55 93
28 2 64 60 65 65 87 1 45 81 84 43 80 37 83 2 74 36 14 80
28 22 66 93 70 78 10 16 38 40 22 79 16 59 40 5 55 7 44 25
5 50 15 17 45 37 34 75 20 66 60 39 34 61 32 36 61 26 22 99
80 58 39 65 3 71 52 43 67 93 42 58 42 66 50 57 72 86 37 19
46 46 75 12 98 60 72 80 57 61 7 32 65 26 75 21 45 50 32 34
37 19 66 97 11 59 77 42 4 63 50 12 57 70 65 49 73 80 42 12
86 82 89 29 2 18 94 78 24 27 56 84 88 70 27 19 94 48 3 55
85 69 56 41 64 94 44 9 12 13 25 1 78 85 30 78 76 12 5 71
67 14 42 3 77 55 80 56 63 43 70 41 62 51 98 44 28 57 79 21
22 94 90 46 85 53 88 35 26 88 84 20 19 32 55 98 58 34 33 5
67 39 77 33 12 58 94 96 27 61 73 78 60 35 91 55 98 4 79 61
20 62 76 55 18 47 39 71 8 95 70 69 60 46 47 62 65 99 56 37
1 27 43 10 75 65 75 97 7 39 17 76 58 80 32 27 7 20 96 22
39 60 14 9 83 29 35 53 33 44 3 16 29 11 61 86 77 1 57 15
25 20 3 14 2 26 35 51 21 4 96 68 40 23 63 4 1 83 23 50
1 13 57 37 2 6 92 58 79 57 45 17 22 48 14 71 75 17 19 27
41 64 98 54 29 13 17 8 6 11 81 82 3 30 56 63 46 69 24 12
74 67 47 14 81 4 74 56 64 50 33 58 27 28 28 93 61 72 25 59
39 25 35 53 94 38 77 93 10 34 16 2 48 65 11 18 93 61 73 97
2 39 58 27 38 64 45 96 86 77 86 34 89 78 40 70 79 67 69 38
20 40 6 64 56 47 70 56 84 19 67 28 31 77 9 5 23 83 24 83
3 72 95 25 92 7 5 36 82 42 19 35 5 32 60 21 71 89 19 84
29 28 9 79 77 2 33 81 25 35 5 35 59 61 17 48 46 99 5 54
51 36 33 30 31 46 80 72 27 56 12 86 2 68 49 13 79 5 92 79
79 60 1 33 65 30 31 33 41 53 94 26 14 98 12 53 55 47 82 51
35 2 59 5 59 58 3 37 35 95 10 29 43 26 44 70 95 84 95 93
63 8 85 96 89 77 27 90 44 78 55 49 47 12 56 42 46 76 18 95
18 33 1 1 66 86 80 96 9 18 98 27 48 94 44 73 59 68 85 66
67 85 85 51 92 9 10 11 80 31 45 60 4 4 40 42 89 36 27 12
73 51 65 42 15 39 38 66 13 63 77 51 12 15 81 72 16 30 92 80
2 6 47 78 50 18 86 64 79 96 30 13 19 94 75 89 40 38 77 20
23 5 13 70 39 22 51 27 58 11 87 19 28 19 55 1 28 62 68 28
59 72 12 91 26 61 39 37 73 83 18 56 66 52 44 26 51 61 46 86

neh:
3921
33 20 32 43 38 49 37 45 50 14 36 30 39 1 19 17 11 41 42 31 26 15 6 44 35 23 46 29 5 25 40 47 18 10 22 12 13 34 7 48 2 28 4 16 8 21 3 24 27 9

data.053:
50 20
66 55 65 57 58 38 5 26 66 93 39 42 40 7 50 27 64 20 79 28
46 63 35 72 66 23 13 40 41 95 12 79 62 34 4 60 44 65 18 91
25 71 49 48 5 13 36 84 74 48 45 25 8 69 20 79 58 50 99 32
30 21 2 6 69 1 54 84 62 71 34 18 13 18 19 50 7 76 75 56
17 74 95 10 38 10 76 74 70 30 11 75 87 98 58 15 69 75 47 70
40 65 14 98 93 76 40 39 30 22 71 45 40 8 22 65 12 7 96 51
17 52 67 55 59 49 67 65 66 3 53 54 27 58 56 80 5 82 6 9
20 91 8 71 56 2 31 15 11 22 28 19 44 86 92 67 69 49 22 94
73 12 62 19 26 81 35 71 51 82 93 80 41 77 59 70 46 3 3 63
5 22 25 28 96 43 48 92 43 35 61 15 70 50 34 94 23 56 29 33
60 12 2 31 60 51 85 44 32 56 61 22 10 50 17 61 95 38 12 89
3 26 40 79 18 71 41 27 23 14 78 56 94 82 39 55 24 85 53 6
91 97 68 69 74 29 82 93 20 88 13 63 25 16 59 2 58 29 42 41
34 30 75 11 93 44 95 2 1 41 49 56 10 17 7 55 88 26 61 22
81 30 72 4 12 26 15 55 54 4 15 79 36 68 59 78 46 23 49 68
58 12 5 12 56 27 24 44 55 52 31 82 87 65 2 27 65 28 56 83
48 94 5 71 36 27 77 55 65 17 93 92 37 92 70 13 31 19 9 79
71 46 10 62 71 56 6 23 22 95 83 19 86 37 72 20 84 10 6 69
57 20 33 2 38 21 79 25 99 15 20 45 76 47 90 38 4 72 54 44
5 73 56 95 96 76 36 1 97 85 1 32 70 70 56 75 73 33 57 64
8 58 89 35 84 88 18 51 21 12 13 11 17 66 26 23 43 21 16 77
19 10 54 82 84 9 21 12 63 11 36 59 92 30 50 61 97 79 95 46
78 77 31 57 65 33 34 47 45 24 6 22 90 7 4 37 49 55 26 76
2 27 1 7 17 6 42 98 70 71 22 14 58 37 8 43 2 69 25 64
1 33 61 24 78 40 74 41 41 46 44 88 19 5 60 69 54 38 71 25
78 53 25 62 45 64 46 18 6 59 65 82 97 52 60 2 12 15 50 55
8 23 11 70 83 5 1 44 70 16 87 82 80 86 80 44 31 58 38 30
14 2 7 89 53 5 88 72 33 33 50 71 28 36 38 25 52 36 15 89
46 65 88 87 60 7 29 88 97 53 96 8 67 29 51 12 29 11 85 96
98 35 65 21 60 5 95 60 32 22 51 13 59 4 25 31 98 98 20 71
50 7 74 54 9 76 67 29 28 49 48 53 9 99 97 1 46 2 25 69
88 54 16 16 7 63 41 99 54 44 89 71 92 53 73 54 83 74 67 88
28 43 87 72 51 35 98 2 63 76 69 98 7 52 46 94 78 16 7 24
66 87 57 31 85 94 31 17 16 88 83 99 19 9 82 63 52 21 12 41
43 56 89 24 66 65 25 79 12 45 22 54 82 8 92 91 63 10 50 53
23 4 85 94 6 25 70 6 2 52 26 20 60 50 42 27 66 98 8 8
93 29 46 18 3 6 62 29 50 31 29 62 60 62 65 55 45 74 82 58
52 35 54 83 93 87 45 89 48 66 67 18 58 14 12 74 49 84 5 19
1 37 23 36 88 60 59 4 34 17 70 81 74 21 34 77 21 55 9 50
77 53 23 73 40 33 68 70 75 68 59 60 70 88 23 77 13 19 41 21
54 10 96 67 85 67 22 10 45 99 34 1 72 7 99 81 9 20 85 43
45 90 79 74 92 81 81 79 2 78 18 93 33 85 48 29 87 37 77 18
56 95 70 75 15 93 44 64 39 87 4 8 71 62 41 91 3 90 74 74
54 85 33 93 51 98 80 92 4 45 65 92 68 10 40 20 15 76 17 50
57 2 50 16 55 9 88 42 46 78 58 60 94 61 76 99 55 10 38 20
23 36 18 74 19 94 25 79 11 51 35 87 82 92 89 27 5 81 42 81
18 85 65 70 58 49 93 56 66 87 86 11 46 47 42 30 8 27 20 98
88 5 87 16 84 27 61 94 59 4 34 24 78 77 90 85 94 52 68 92
38 3 18 81 4 62 1 26 28 45 49 11 37 37 61 5 60 21 93 21
72 45 15 93 23 90 97 93 74 9 88 98 69 96 25 4 18 1 15 83

neh:
3927
24 27 19 12 14 8 16 45 28 22 5 46 11 2 17 32 39 9 38 4 31 49 47 21 43 48 26 3 7 44 34 20 37 18 6 36 33 41 29 23 1 30 15 13 25 42 10 35 40 50

data.054:
50 20
48 23 51 26 8 82 1 32 1 2 28 43 4 44 44 82 6 49 57 34
92 69 84 46 37 97 77 38 59 21 81 63 40 23 6 73 49 25 88 31
43 33 28 30 33 3 92 67 53 86 96 67 5 89 18 84 84 46 88 15
35 11 63 49 4 46 57 93 22 8 99 22 37 96 51 63 72 37 43 32
7 5 86 3 8 86 46 80 10 33 79 82 80 80 77 14 39 56 25 45
51 54 99 81 38 62 75 75 48 88 97 41 46 44 47 73 51 50 81 50
85 42 27 4 97 26 2 59 94 33 15 69 14 69 27 84 77 9 3 81
66 12 24 46 75 56 14 51 46 65 6 81 81 7 17 9 59 62 3 46
87 40 36 95 76 67 14 7 57 8 77 21 16 10 42 38 97 10 78 93
71 30 83 20 93 87 79 65 55 89 98 54 10 15 84 67 5 89 97 13
16 51 24 56 69 46 64 6 66 46 5 42 79 55 3 76 83 66 74 47
40 94 54 57 10 66 8 59 69 76 51 53 35 27 69 18 51 98 71 50
22 24 34 85 25 53 73 30 7 57 51 52 41 55 3 70 9 10 50 70
12 28 49 31 40 34 15 67 13 51 60 26 83 2 6 69 9 70 70 21
2 84 43 44 88 52 71 41 64 58 17 69 13 82 94 4 59 92 23 41
90 69 5 1 90 81 6 32 83 62 98 80 93 42 58 58 30 36 43 12
63 44 70 11 57 68 54 63 39 59 46 46 55 88 65 66 86 82 51 18
52 98 56 72 39 48 59 7 46 71 87 10 48 84 36 11 49 54 97 28
15 36 71 6 29 4 49 8 59 12 44 81 35 38 28 1 46 34 57 22
6 21 12 68 97 25 38 89 36 11 18 99 75 69 68 51 13 34 77 60
18 9 30 62 51 76 21 51 69 82 71 6 66 31 73 38 45 5 90 69
87 48 77 18 97 46 60 81 47 56 93 90 82 5 81 16 51 12 58 49
66 30 55 21 5 13 8 9 83 57 97 79 3 3 12 81 68 3 75 38
7 15 92 48 75 72 35 13 25 53 44 34 79 37 89 39 82 56 4 80
43 21 78 32 91 72 81 27 12 45 18 56 78 14 53 56 6 44 12 52
27 43 79 42 80 82 96 74 28 96 59 75 48 35 14 83 99 41 2 45
78 91 52 79 81 32 61 59 30 31 9 54 99 61 88 27 12 14 4 34
80 49 19 74 60 25 89 98 49 39 45 94 91 43 78 29 8 25 28 3
73 86 16 82 97 58 58 31 81 12 78 84 29 38 63 93 36 78 54 61
86 36 21 3 14 17 32 98 56 13 67 55 87 48 81 70 24 25 39 96
82 41 37 64 2 99 59 48 96 8 65 64 27 89 29 64 82 89 30 99
33 10 85 90 55 54 89 74 89 49 50 14 2 86 15 22 73 83 71 49
92 75 56 10 97 81 99 76 73 4 87 18 48 37 81 84 66 78 89 78
8 56 29 72 60 73 7 75 52 33 29 6 33 20 84 25 69 23 33 34
87 70 56 2 8 93 79 78 12 22 80 27 92 33 36 73 71 51 85 78
64 73 23 49 30 73 38 11 98 30 14 20 15 1 8 81 70 7 2 79
7 57 19 88 87 79 1 71 12 34 70 54 55 8 60 10 61 20 69 64
26 51 52 53 42 54 67 54 40 19 10 30 24 61 24 46 42 30 20 55
79 34 39 59 16 72 63 10 70 24 30 58 59 41 57 32 77 30 64 63
49 62 4 88 56 37 42 96 35 56 19 35 41 40 87 38 10 30 94 24
71 3 46 97 86 68 3 97 58 96 51 66 49 10 61 68 2 63 3 58
72 34 59 98 4 22 29 75 95 35 4 85 88 10 57 40 6 82 41 25
69 27 22 94 30 94 23 41 41 43 23 78 67 75 85 33 24 40 37 93
30 29 76 95 15 37 21 30 71 8 9 15 49 9 45 79 97 39 36 73
28 25 34 93 24 15 25 73 90 5 62 29 81 81 69 64 15 37 74 45
46 97 63 95 23 31 48 84 3 65 30 31 89 40 15 36 91 44 53 93
75 30 32 6 57 46 33 22 68 64 20 45 43 13 7 62 32 2 49 37
78 28 72 1 81 33 92 8 5 20 69 41 24 10 87 82 68 27 77 64
34 48 92 15 77 82 2 98 18 54 88 84 70 53 58 44 17 71 13 92
4 99 72 66 43 75 12 68 26 38 22 51 74 28 61 99 1 45 37 59

neh:
3969
20 4 8 21 24 1 45 3 36 44 49 13 17 16 22 23 38 14 12 31 7 40 11 33 29 30 32 46 35 47 15 9 43 5 6 2 10 50 39 41 37 48 27 42 19 25 18 26 34 28

data.055:
50 20
82 70 18 48 49 50 85 96 95 15 11 24 94 27 12 95 6 67 88 9
3 41 12 9 73 37 35 31 95 95 89 71 80 3 73 62 53 77 15 99
55 97 86 30 71 12 70 50 6 85 88 51 61 92 37 37 68 19 30 81
23 12 18 28 34 56 6 14 43 57 3 44 79 58 55 47 81 83 64 80
36 22 84 54 98 21 84 5 77 30 7 43 5 58 12 1 33 43 25 95
62 53 67 8 80 15 40 86 81 49 93 76 71 12 37 36 54 85 5 51
51 81 81 30 5 16 26 23 38 64 88 19 4 45 69 1 64 57 81 9
80 56 92 95 30 45 52 22 76 94 23 89 45 74 89 98 12 89 38 56
13 88 61 65 32 24 85 77 85 80 92 46 29 5 17 16 24 41 8 96
86 86 69 82 70 24 36 52 88 2 26 96 34 59 54 75 87 21 99 7
56 38 31 21 49 35 97 2 27 37 50 42 59 23 22 17 30 31 15 2
69 26 76 76 35 50 39 86 86 95 68 14 81 13 39 89 97 52 12 31
42 46 12 84 11 86 39 64 82 26 29 88 24 89 70 19 3 6 72 27
86 59 3 69 52 88 42 92 22 93 92 21 79 48 29 69 41 99 97 8
6 51 97 21 87 82 12 86 6 38 44 33 8 98 93 38 40 45 27 18
58 82 18 51 58 37 22 45 88 3 56 60 59 20 51 6 63 79 22 80
61 59 87 70 71 7 9 5 40 72 38 69 80 82 41 11 52 48 48 69
5 90 96 7 85 48 63 28 83 69 59 99 76 28 89 85 48 44 56 86
9 15 5 93 12 68 68 79 27 59 43 93 3 21 26 68 97 20 89 35
27 16 11 7 56 65 84 97 58 26 33 62 33 37 31 21 71 88 88 2
6 83 98 34 82 19 54 89 1 28 49 3 86 72 61 90 40 70 66 44
37 82 37 85 11 91 9 63 44 97 62 12 49 74 99 90 43 65 89 6
41 77 7 48 5 11 1 46 3 62 24 2 8 19 50 21 78 59 75 72
11 88 15 8 99 20 13 40 74 71 83 55 29 21 73 92 6 73 47 23
47 63 68 12 32 25 25 20 6 26 35 55 26 32 46 57 18 84 14 78
99 52 97 34 17 23 5 2 13 95 98 50 17 5 57 8 27 50 47 96
28 67 85 73 75 64 51 61 41 73 8 13 34 32 33 59 60 56 97 99
53 14 10 85 23 7 15 61 10 21 82 89 31 55 22 49 26 45 58 95
75 86 97 24 44 80 94 71 66 56 16 18 18 92 37 37 41 31 25 50
81 68 85 64 29 13 19 45 64 36 79 78 48 49 46 48 50 82 11 14
11 3 17 26 98 72 33 62 32 74 2 5 4 6 81 26 27 85 81 35
22 62 63 94 1 29 15 36 50 62 38 70 78 66 86 97 11 32 53 4
42 4 30 30 82 58 95 96 45 6 50 32 90 85 14 14 78 28 74 77
36 57 77 45 64 55 10 69 40 67 97 67 48 26 11 82 51 73 9 64
7 11 72 33 38 90 55 25 82 89 26 21 21 61 18 42 56 41 25 5
71 96 22 4 24 44 22 89 75 18 2 4 74 82 21 92 25 51 28 98
96 72 73 37 3 59 10 3 97 30 20 62 30 52 3 66 30 36 16 49
85 71 87 86 61 56 60 12 18 81 69 35 96 32 45 80 2 68 66 98
20 82 68 57 60 5 79 37 45 75 42 60 79 85 71 41 56 23 81 64
17 10 2 19 12 24 75 61 39 24 52 42 97 98 5 69 24 78 95 79
71 3 99 87 33 74 87 30 44 17 83 68 37 64 37 32 95 98 22 65
23 54 2 81 42 63 95 48 55 87 51 18 1 20 79 64 33 34 99 5
80 22 20 32 15 75 45 41 71 35 23 39 46 78 1 64 12 77 62 37
52 71 47 53 10 25 79 70 49 61 61 82 68 21 36 52 65 64 58 26
89 7 10 98 68 42 20 18 35 43 74 28 67 63 65 25 72 55 80 90
84 66 14 44 68 41 44 43 13 83 31 54 27 33 22 53 70 39 18 27
80 5 50 1 34 11 52 95 45 29 91 8 74 96 77 33 10 26 27 69
3 14 53 31 2 35 86 25 26 90 77 6 58 74 48 49 69 83 14 55
30 15 27 36 81 79 88 12 13 58 54 1 65 22 58 80 21 28 41 84
36 82 78 61 45 42 62 13 97 32 29 54 29 60 71 82 7 65 42 90

neh:
3835
40 48 2 4 19 25 31 23 33 49 32 15 5 28 34 18 26 36 42 45 10 22 6 38 8 39 16 44 35 27 46 13 21 50 7 20 3 14 41 37 12 24 29 47 17 43 9 1 30 11

data.056:
50 20
1 92 95 70 17 78 6 31 24 79 3 59 53 86 71 77 55 69 20 38
96 74 75 18 74 27 73 38 83 28 65 42 7 28 54 33 56 34 35 32
21 20 24 19 87 15 64 36 59 43 73 18 27 67 48 22 21 9 25 13
57 70 3 76 39 55 30 35 58 20 81 51 44 29 16 77 77 7 81 10
7 43 83 7 14 28 30 52 60 16 38 95 36 53 22 90 83 43 19 23
34 6 67 34 28 28 99 13 15 9 71 82 21 24 14 23 43 62 4 28
72 77 88 66 12 26 61 78 15 80 3 96 53 95 39 10 11 29 42 42
12 25 75 72 49 98 26 31 27 36 40 45 38 66 99 44 64 70 58 68
80 68 28 16 88 98 38 8 47 14 6 25 37 32 68 1 59 28 18 78
99 83 65 95 91 77 46 62 25 86 98 80 90 66 32 53 37 62 19 39
28 28 54 80 53 79 76 36 43 70 4 42 34 61 20 58 96 34 73 76
80 13 65 10 40 12 65 98 11 87 23 66 1 18 7 40 27 67 14 4
30 74 34 63 1 96 51 7 20 77 23 41 83 99 26 48 9 16 44 45
15 18 17 14 55 78 39 3 36 44 2 1 64 48 2 94 63 83 13 25
95 71 51 89 39 29 23 5 3 52 66 14 69 31 58 20 82 64 11 23
19 11 98 65 35 28 71 82 42 86 67 66 30 66 92 34 31 32 55 77
12 17 94 43 99 14 63 41 51 12 8 89 18 15 86 16 27 43 91 3
59 27 22 44 17 52 94 2 11 49 76 35 74 93 45 99 67 67 51 20
66 89 57 28 69 27 62 63 86 68 58 2 9 64 19 27 82 37 42 49
51 14 37 39 67 51 87 56 55 56 82 63 70 77 90 80 65 79 47 35
6 13 90 59 13 46 43 85 20 59 63 80 41 67 54 24 74 31 94 29
36 40 38 91 98 98 45 85 3 87 18 34 5 74 51 19 41 41 43 59
74 97 20 70 79 97 46 25 64 82 17 45 70 90 88 34 10 3 68 14
53 70 85 24 20 38 9 98 19 5 5 42 5 44 72 6 36 11 77 94
25 96 49 96 57 78 10 58 49 23 75 81 4 51 44 65 69 71 42 11
68 13 37 1 68 89 42 16 70 6 52 27 65 17 85 11 1 21 75 17
37 66 29 92 17 67 43 99 28 15 95 15 53 50 20 14 21 26 17 80
42 77 84 79 27 91 46 61 53 42 55 42 17 80 5 97 72 98 85 70
68 2 93 57 25 51 7 21 96 63 62 80 6 44 10 14 37 39 54 20
74 41 99 88 36 62 15 26 52 66 84 11 98 63 98 77 54 73 83 25
93 69 44 60 67 79 32 67 44 59 5 4 84 19 44 58 88 59 30 12
39 34 39 70 73 93 80 96 24 98 33 84 39 24 6 86 65 33 52 78
75 10 18 38 34 25 4 70 40 67 72 25 3 24 44 72 97 71 89 58
54 91 40 94 47 61 73 89 66 73 52 45 9 35 12 20 71 49 54 13
10 98 24 94 65 59 42 5 2 94 8 42 50 79 55 22 13 22 74 22
60 60 98 30 79 20 98 45 89 27 74 61 58 62 14 2 90 6 86 53
15 3 61 50 31 92 24 38 70 56 70 4 87 11 66 28 88 68 27 92
75 86 72 17 54 1 25 79 69 96 5 34 54 59 28 16 39 14 22 7
71 55 21 43 56 35 13 73 3 81 38 54 41 14 80 54 46 36 24 62
22 95 76 28 33 97 38 99 77 92 7 46 87 89 64 19 89 17 11 94
10 73 87 33 66 79 3 33 96 68 86 80 9 16 13 77 99 30 12 8
65 65 32 48 30 37 69 1 40 92 41 1 49 96 73 7 82 83 8 81
39 24 8 48 89 72 38 84 66 77 99 94 93 72 44 27 14 94 15 5
99 22 17 81 45 76 61 79 75 94 98 8 70 95 11 19 14 53 21 24
77 5 54 50 44 89 8 44 81 93 2 56 4 92 89 80 63 30 75 98
39 67 43 86 91 7 54 39 52 28 51 52 13 34 78 80 67 74 84 85
50 39 3 23 18 79 90 16 78 75 13 13 60 64 6 40 16 24 29 75
14 58 65 95 67 85 3 50 86 74 96 39 41 83 10 49 46 47 15 57
75 4 33 3 94 40 5 39 44 34 78 62 48 66 44 46 28 76 26 37
28 30 36 80 41 24 25 55 85 80 49 84 75 6 28 85 91 28 83 96

neh:
3914
14 21 13 50 33 5 45 16 37 42 20 47 49 40 32 31 12 46 11 28 36 15 39 8 17 18 23 29 1 25 30 7 9 41 19 43 24 4 10 6 27 2 22 3 35 34 48 44 26 38

data.057:
50 20
25 77 2 2 86 68 47 2 91 64 35 76 87 78 30 63 69 62 30 37
14 67 27 8 85 82 44 51 66 49 21 89 61 45 86 18 45 71 63 2
99 89 92 28 80 27 33 72 32 4 89 41 91 82 47 23 63 98 24 36
5 40 7 1 21 7 15 39 65 45 51 75 63 71 86 55 62 10 57 60
68 6 64 17 79 47 31 67 75 21 47 35 65 80 3 25 63 28 8 82
98 5 44 76 59 59 53 57 89 56 64 45 95 67 38 47 19 46 4 50
72 85 84 43 67 96 44 19 82 19 57 68 70 35 82 91 44 8 17 46
39 62 76 79 27 94 8 11 11 75 71 3 60 72 91 8 2 9 97 87
79 19 43 88 29 65 22 18 82 3 48 71 34 92 83 14 14 43 38 27
13 73 18 13 5 19 88 75 33 96 50 94 4 96 59 7 8 74 66 24
24 55 27 3 13 82 30 24 64 97 78 76 39 31 98 37 61 93 35 69
14 24 91 2 8 44 1 96 82 17 43 88 44 24 17 74 79 62 86 91
82 18 23 39 84 33 24 61 53 53 40 1 87 41 54 56 72 99 7 10
90 64 17 39 42 13 81 68 67 38 33 29 50 35 37 88 90 82 85 80
28 41 84 16 15 88 83 1 21 25 59 59 71 79 33 9 2 67 10 74
50 55 90 95 18 93 96 35 24 7 81 21 50 63 34 14 7 45 3 14
75 37 98 40 13 78 10 21 44 25 46 34 82 74 29 64 82 22 59 51
86 44 93 13 18 4 86 9 59 24 35 55 80 58 5 40 9 21 74 40
57 45 96 27 75 57 15 27 39 82 28 85 75 61 88 22 12 97 52 95
4 5 56 73 23 44 98 63 84 53 57 54 30 50 89 10 94 73 78 51
73 26 99 7 5 44 3 52 6 32 14 98 74 44 28 17 68 88 40 54
82 34 78 62 60 42 27 27 83 57 92 2 43 68 23 16 99 51 84 66
22 9 23 35 96 15 92 12 10 83 29 53 48 98 21 1 27 89 39 62
75 65 70 40 32 68 23 70 72 61 40 89 10 87 95 52 85 37 4 25
6 23 96 68 98 95 13 27 96 59 54 56 81 39 62 11 37 58 44 15
32 89 3 95 26 81 82 26 13 4 10 79 53 61 9 10 3 7 62 27
92 86 69 34 67 73 53 11 64 56 22 61 56 96 92 17 5 41 1 89
84 22 68 12 94 26 93 28 42 75 39 54 97 87 98 49 9 2 67 90
54 97 75 60 17 76 31 72 11 16 33 72 76 93 98 60 67 69 12 2
37 59 85 6 90 52 79 96 20 18 92 22 18 87 60 81 17 44 7 4
73 24 45 66 49 27 32 76 18 70 85 97 21 95 14 79 81 19 61 89
16 45 36 74 39 55 27 37 77 88 38 89 33 22 42 71 33 57 95 11
26 70 80 26 97 7 2 9 30 53 44 96 69 89 4 22 85 56 15 34
50 66 56 77 3 85 64 2 35 61 60 73 19 4 78 44 89 75 96 64
36 33 39 20 13 53 57 79 91 37 66 40 50 18 29 27 19 61 67 11
97 86 35 45 52 63 62 50 11 57 57 52 99 77 47 3 93 34 23 36
94 86 8 81 50 98 30 52 27 16 62 63 63 25 13 34 54 89 2 73
57 23 28 34 32 62 79 47 15 72 59 29 37 51 50 20 41 95 74 70
91 7 78 30 16 16 11 37 12 53 10 7 85 2 16 30 16 71 70 85
39 80 29 54 59 71 66 93 15 76 34 66 5 49 4 5 76 57 13 82
16 24 39 12 79 45 86 64 73 75 23 11 59 20 80 42 21 91 90 60
55 96 87 38 8 66 10 68 20 69 82 47 18 41 12 63 11 61 17 19
47 24 75 87 16 60 34 5 56 35 94 11 61 4 31 20 78 24 11 30
33 74 97 63 4 82 97 57 24 35 48 68 68 50 69 43 45 25 22 5
30 62 22 69 7 63 47 37 63 20 85 77 82 50 57 1 85 10 64 20
50 43 61 22 45 54 38 47 35 79 88 29 70 67 77 81 82 8 27 45
87 6 88 81 4 22 29 3 81 22 20 8 24 95 61 83 32 81 13 77
85 83 22 91 94 13 11 51 15 52 32 22 35 41 92 99 48 38 76 31
71 75 7 90 64 74 89 27 48 4 57 13 90 51 84 58 76 99 79 70
2 77 19 47 79 90 51 96 51 97 82 18 94 31 92 69 33 11 81 46

neh:
3952
20 4 15 2 46 23 43 29 12 38 14 28 11 5 34 49 27 22 24 41 45 10 36 13 31 26 50 47 40 37 17 48 18 35 9 8 39 19 33 32 30 21 3 42 1 7 6 25 44 16

data.058:
50 20
43 57 31 67 67 25 26 91 20 30 22 64 77 53 94 27 11 3 23 55
50 90 19 68 37 21 49 13 64 58 39 60 26 51 51 38 54 64 2 36
51 81 14 38 74 12 42 94 97 95 64 75 69 99 39 8 39 6 29 65
88 15 10 40 4 6 15 52 82 96 56 83 97 24 5 21 65 65 60 96
95 66 78 28 15 56 66 7 36 92 9 41 76 98 19 26 70 89 1 96
52 1 15 5 93 19 67 71 99 54 17 27 37 52 71 5 17 13 88 96
15 89 91 26 4 75 40 1 41 18 55 94 50 67 76 2 17 71 17 91
25 31 35 59 9 35 97 84 30 20 40 22 99 31 23 65 99 22 54 82
2 20 79 77 33 64 13 38 80 27 87 96 80 34 92 58 97 2 8 3
21 46 78 60 97 89 54 61 70 59 60 21 68 61 81 83 45 33 9 47
74 93 45 69 79 99 23 32 61 22 92 53 24 60 88 10 35 99 10 4
1 78 79 57 75 36 1 49 42 93 11 77 47 17 8 34 50 71 20 93
89 41 47 43 91 32 74 63 51 6 51 85 7 82 71 29 5 51 12 74
78 30 33 90 79 53 95 72 15 95 78 33 70 25 9 82 48 61 7 12
14 42 75 30 23 67 45 86 16 58 3 20 91 12 68 89 75 33 5 95
48 71 81 46 60 68 3 63 60 12 73 1 87 61 16 32 71 57 68 82
91 6 66 49 97 97 80 80 47 16 48 90 73 84 87 47 44 56 16 42
33 16 78 77 55 9 78 87 15 93 38 71 7 89 3 43 60 33 79 99
46 76 41 67 76 16 31 55 26 40 92 62 20 11 7 42 59 32 54 57
1 63 38 54 14 55 76 53 96 87 81 94 70 25 38 42 24 52 55 44
39 54 55 7 2 91 52 99 82 5 85 86 3 50 69 16 39 86 41 79
51 38 75 38 3 5 79 7 98 41 90 61 7 11 23 7 64 6 26 48
62 88 5 26 3 81 71 35 59 88 46 15 12 61 17 11 39 9 6 23
77 36 57 83 64 67 58 72 19 92 72 87 76 81 27 27 1 88 78 31
77 69 67 95 94 86 9 45 1 64 58 53 2 14 60 46 65 87 35 57
29 51 12 44 63 26 61 14 50 45 60 30 66 72 75 78 65 57 74 55
82 67 21 84 48 41 20 36 16 13 94 77 45 86 65 73 1 98 68 52
39 54 88 41 67 48 53 35 2 61 85 9 13 87 33 27 12 92 72 4
62 76 47 5 32 28 62 86 6 51 94 34 33 7 47 69 97 39 6 83
27 47 42 12 15 19 45 81 68 70 63 2 66 57 60 38 31 38 73 88
47 37 12 87 45 88 25 41 86 81 23 39 8 81 23 41 21 78 12 67
17 15 25 16 31 37 59 58 62 25 92 54 54 33 30 38 71 54 18 67
60 6 32 4 10 40 71 34 58 54 45 8 4 52 73 50 1 31 85 20
15 62 89 83 70 23 96 43 23 97 97 44 50 4 4 28 37 53 3 34
94 19 11 97 75 27 34 47 12 85 14 12 98 73 82 76 89 92 66 41
97 7 34 58 71 11 50 10 89 7 80 93 38 98 8 39 24 69 72 59
65 97 10 80 50 8 25 23 19 65 59 18 52 2 36 51 15 52 72 74
35 37 95 22 25 5 36 36 31 84 30 88 58 27 20 57 94 87 61 35
5 37 9 1 74 87 18 56 70 80 24 21 57 46 70 39 22 11 22 8
1 60 88 89 94 39 34 84 68 65 44 54 13 84 42 46 94 34 77 26
66 81 79 98 7 32 39 53 29 21 99 94 8 7 62 69 33 67 86 90
49 28 60 92 79 23 39 85 47 9 33 5 9 48 49 15 84 52 46 25
3 87 59 90 25 82 81 32 43 32 90 43 8 67 21 22 45 30 72 23
33 95 81 20 74 32 62 8 47 95 25 89 95 86 3 7 19 9 31 23
98 85 4 14 14 95 25 33 45 20 54 98 27 6 18 67 48 78 27 71
45 76 58 76 95 19 82 67 92 28 91 99 28 36 96 16 89 34 8 1
3 69 40 23 54 88 91 65 81 64 61 43 17 14 41 50 33 14 67 72
25 44 95 54 74 29 26 35 44 29 29 85 38 86 94 76 63 24 5 49
74 70 81 18 44 54 63 19 84 82 1 80 72 75 41 13 38 64 88 73
61 24 1 34 44 11 78 92 64 82 59 7 89 21 58 11 26 6 31 18

neh:
3938
32 20 6 28 38 26 22 3 8 33 12 13 21 25 41 16 18 49 27 30 42 7 4 47 11 5 35 48 45 9 37 24 43 29 17 34 31 15 36 19 39 50 14 40 2 10 46 23 1 44

data.059:
50 20
89 32 38 28 52 46 31 15 37 18 51 74 4 78 32 47 94 22 83 74
97 95 7 17 7 84 27 86 71 48 92 42 73 52 68 83 24 52 69 18
1 41 50 44 77 28 38 51 68 88 5 88 56 4 56 7 98 8 26 66
77 54 55 83 29 42 81 83 90 43 6 65 2 39 55 72 6 93 53 40
90 68 69 94 8 22 59 45 51 14 60 1 60 71 71 50 7 19 50 70
52 63 26 78 53 43 71 67 73 90 68 79 55 19 41 20 4 71 20 95
35 90 98 34 30 68 83 68 84 33 30 25 13 45 16 98 99 93 22 28
52 23 99 54 16 7 80 14 86 62 51 42 34 69 40 98 99 42 39 84
5 94 81 4 7 45 78 23 58 86 1 8 79 3 73 90 9 28 85 51
67 78 63 81 4 18 20 40 98 83 8 27 62 63 54 66 32 91 63 25
44 82 17 73 73 40 6 52 84 14 2 39 19 48 65 77 37 51 58 40
6 53 23 27 55 89 68 68 84 8 55 43 15 49 8 89 60 14 83 53
98 57 92 14 5 77 72 87 21 73 78 53 25 28 90 23 31 62 92 88
14 51 28 43 26 57 24 56 49 33 35 30 6 74 74 64 64 22 48 20
2 45 78 29 14 37 95 68 12 54 51 11 43 7 35 57 19 23 3 38
86 3 94 35 30 72 63 44 16 75 19 87 26 54 1 42 84 83 20 99
53 31 4 25 92 36 84 99 52 67 94 25 15 69 66 83 71 63 58 40
14 59 98 40 16 58 54 21 81 58 85 78 92 31 99 90 1 84 10 1
68 97 61 39 64 17 6 82 86 60 40 63 82 1 99 63 95 34 5 73
6 55 74 3 20 84 33 91 91 43 50 27 65 33 1 26 55 66 16 6
20 99 20 60 3 80 39 18 35 62 61 61 94 82 17 22 45 49 74 65
37 94 21 16 46 33 69 71 60 4 52 35 30 30 93 94 39 61 35 99
74 15 79 69 58 83 58 28 9 49 79 15 20 39 60 26 95 51 21 62
58 72 29 17 18 76 51 85 7 80 94 73 37 81 43 22 88 91 68 53
80 51 56 93 99 28 44 70 80 35 48 67 26 66 50 54 45 42 26 26
40 49 24 49 67 76 59 85 17 47 99 94 81 68 37 74 16 39 77 64
78 59 9 24 40 41 7 19 30 68 47 51 31 87 28 62 5 80 94 36
23 82 12 13 62 85 27 1 84 55 30 76 96 48 43 57 87 96 29 77
54 21 42 28 11 21 74 24 76 21 18 52 42 73 3 3 72 9 17 29
12 38 77 51 23 70 3 43 38 44 81 93 40 70 83 53 35 31 35 10
43 53 38 91 24 3 51 39 48 72 17 31 41 11 72 20 86 29 72 2
33 28 3 44 27 41 44 74 57 81 4 22 85 80 86 60 50 97 27 66
56 84 50 55 86 65 68 47 79 64 22 73 59 90 19 87 62 50 84 25
39 61 36 3 32 86 84 47 43 78 21 62 67 99 49 66 2 8 93 91
17 29 4 32 26 66 20 92 82 70 35 27 11 20 67 18 82 26 16 9
93 29 96 99 97 74 47 87 55 60 44 16 41 48 54 83 17 72 71 46
16 24 51 23 12 75 7 42 46 61 2 81 47 17 75 65 68 92 18 75
45 43 35 96 61 1 85 9 82 50 48 55 22 59 36 42 24 21 99 73
63 47 27 63 78 12 92 37 77 37 85 29 91 15 6 49 24 3 3 61
22 89 97 91 77 99 35 70 56 13 60 92 17 40 68 3 80 36 90 19
87 15 2 94 75 59 2 61 49 6 37 45 75 37 37 65 44 50 89 73
72 55 65 6 35 91 94 27 88 36 7 75 72 93 9 78 55 80 65 2
65 75 32 25 5 40 23 18 13 38 62 63 76 98 35 54 57 57 16 35
46 55 14 56 32 5 33 20 99 20 14 81 45 53 24 12 4 15 15 12
79 34 44 49 47 38 7 33 84 23 83 18 67 35 26 74 31 6 53 27
61 26 4 98 89 14 3 39 18 59 26 68 57 91 97 88 65 89 69 15
30 60 45 97 95 41 23 1 74 3 13 60 87 7 89 15 59 29 55 41
76 66 69 6 62 78 63 83 49 63 50 2 23 34 92 71 21 89 22 83
64 88 62 77 68 99 94 32 54 81 72 48 88 55 94 35 95 75 61 15
47 21 57 88 39 38 68 1 31 1 58 30 78 43 86 41 16 98 26 35

neh:
3952
35 14 37 9 28 32 29 26 8 1 6 38 7 12 46 18 24 41 10 17 3 50 34 45 49 13 42 31 11 48 5 21 36 16 47 27 22 23 33 30 43 39 4 40 19 2 44 25 15 20

data.060:
50 20
4 44 15 24 58 53 80 56 11 64 50 22 50 24 56 59 72 41 18 90
20 54 80 75 55 26 35 8 64 94 83 1 62 2 43 41 81 80 39 34
62 7 61 31 34 89 39 1 32 23 82 88 28 51 63 64 8 74 96 66
71 54 37 34 66 34 85 51 10 88 78 69 4 49 60 30 73 15 18 10
69 61 72 87 67 29 45 73 37 52 44 50 11 39 3 51 93 89 16 95
87 18 73 88 70 32 13 4 86 23 23 79 13 62 89 16 38 24 48 51
96 45 55 62 16 28 81 58 35 26 66 59 46 85 52 64 85 36 22 15
25 64 19 59 25 46 78 24 41 9 24 18 23 70 42 72 94 86 53 4
98 81 80 39 34 49 25 69 7 63 56 98 41 86 24 68 88 98 71 66
41 57 48 4 1 55 81 39 56 24 92 21 74 18 53 31 69 51 24 24
99 13 10 74 18 8 21 33 10 8 30 35 15 90 77 93 90 32 17 53
1 45 17 90 2 34 87 16 15 32 31 94 67 36 12 86 26 92 47 87
94 60 67 29 86 40 40 75 25 97 88 57 39 51 71 91 23 51 44 26
91 12 21 99 34 48 30 19 15 17 85 71 4 20 14 34 44 98 62 64
36 89 9 74 82 68 11 1 54 76 50 76 13 23 62 6 97 88 4 13
71 20 79 4 55 59 76 30 3 45 34 97 43 17 75 27 67 1 85 16
28 47 89 86 59 87 79 44 43 28 91 7 84 23 97 62 53 13 74 23
50 81 20 22 21 1 75 8 10 89 55 87 41 47 3 35 75 50 59 61
11 11 94 10 31 87 77 45 27 75 7 89 33 66 54 57 69 80 41 78
14 56 47 96 53 91 17 19 10 71 49 53 41 3 41 67 44 56 13 58
76 30 90 56 25 99 51 53 39 46 38 19 82 59 71 96 13 50 82 13
20 51 44 28 69 95 29 38 2 40 73 69 99 30 11 69 47 58 26 99
78 18 49 90 71 21 11 39 24 66 47 66 63 85 12 8 98 75 39 87
70 91 28 71 85 62 73 68 50 87 95 61 29 16 54 92 41 4 28 70
43 48 46 12 80 87 50 83 64 91 48 18 86 81 21 1 46 73 59 84
59 94 82 1 39 84 86 94 44 50 54 86 28 95 14 37 25 90 49 3
88 32 96 6 71 96 56 34 34 54 94 51 80 81 82 69 56 2 87 48
68 67 91 41 66 47 93 1 97 60 21 90 7 14 35 57 50 73 32 78
48 95 28 30 74 60 79 23 93 10 41 80 1 96 21 59 35 75 65 79
48 75 93 21 57 82 57 32 81 79 30 22 5 23 38 85 59 67 24 20
39 82 30 64 54 60 85 70 15 43 42 6 64 44 52 86 78 99 48 51
36 41 64 92 2 53 17 35 42 34 44 52 17 8 82 98 44 93 72 83
2 7 41 1 27 98 88 78 34 77 28 16 81 15 40 96 57 9 15 51
51 39 53 85 55 48 89 89 87 92 82 84 48 48 47 55 21 27 5 1
91 25 86 94 7 30 39 88 53 3 4 12 9 95 91 9 59 61 68 2
4 49 6 24 94 39 41 92 82 98 64 74 77 62 60 2 60 64 36 73
32 39 68 83 85 52 8 50 64 40 38 69 92 90 61 71 52 43 7 82
62 53 25 4 3 22 21 64 96 19 9 22 15 41 21 85 62 32 52 34
46 66 8 57 46 63 33 61 60 68 37 12 49 70 67 2 14 56 45 26
55 96 62 8 7 19 36 35 20 85 87 80 41 56 29 96 58 61 87 49
73 36 17 17 26 49 75 81 78 2 37 45 17 50 46 7 24 55 42 39
97 41 49 83 95 50 2 69 12 51 26 51 32 29 74 78 8 99 68 24
71 8 92 47 21 20 65 80 15 35 80 96 25 39 11 55 22 77 9 39
50 92 20 57 4 85 57 38 63 91 83 80 89 72 72 7 72 66 53 69
54 92 77 93 98 31 22 44 81 68 50 87 9 94 56 50 37 25 59 1
73 82 24 54 9 99 41 49 98 3 50 92 29 70 81 5 90 28 65 1
44 78 53 79 52 61 89 85 97 26 50 20 38 40 80 60 96 87 81 79
95 19 71 5 48 96 62 26 2 49 42 95 2 33 87 61 26 25 12 27
53 12 88 30 59 82 43 15 2 37 88 16 91 16 44 68 23 18 39 20
18 54 88 90 17 75 30 97 44 25 55 64 57 79 41 87 91 61 62 22

neh:
4079
36 19 1 33 22 15 42 10 37 14 4 50 47 7 21 9 8 18 20 28 31 27 44 39 3 38 23 43 49 24 32 35 25 5 17 29 13 45 41 40 6 2 11 12 46 26 16 30 48 34

