data.031:
50 5
75 26 48 26 77
87 37 4 67 94
13 25 92 4 9
11 95 92 14 57
41 49 72 93 29
43 12 45 54 79
93 59 5 21 55
69 17 98 20 73
80 46 93 6 65
13 20 17 18 86
24 52 79 75 25
72 44 11 25 39
38 92 16 16 76
81 75 89 77 24
83 95 81 28 38
88 33 92 24 5
26 10 45 15 91
6 45 61 77 29
89 2 39 36 22
67 62 28 16 27
70 62 94 32 39
30 82 87 46 31
89 29 23 21 46
30 29 1 81 18
68 94 55 28 93
21 20 91 70 58
78 42 67 89 85
46 80 91 54 58
99 94 4 96 97
10 35 60 62 10
17 8 38 46 79
23 41 25 60 93
83 65 90 19 2
47 4 93 97 87
86 71 13 13 17
18 30 65 7 18
67 14 25 44 10
46 32 34 7 50
4 50 47 73 8
14 30 98 15 26
4 27 91 66 14
20 98 11 70 21
88 39 46 97 15
50 84 50 33 10
84 65 77 97 85
58 12 5 64 46
93 58 14 73 42
76 45 47 28 18
50 49 80 4 36
30 15 45 87 2

neh:
2733
10 36 24 50 39 38 40 46 17 31 41 12 18 6 26 32 49 13 8 5 44 22 43 4 2 34 42 21 25 27 45 16 28 29 9 14 15 47 1 11 33 7 30 20 48 23 35 19 37 3

data.032:
50 5
27 91 97 67 11
69 9 49 72 73
78 33 17 50 28
90 97 54 12 12
23 27 52 54 71
6 17 74 69 20
23 97 44 35 65
28 96 8 26 56
98 1 75 80 44
57 30 19 13 79
96 5 91 17 26
85 78 94 10 43
60 58 77 74 44
34 20 80 63 28
42 42 20 17 70
73 97 48 11 64
31 96 90 15 57
11 75 30 30 53
60 89 5 91 84
57 66 20 89 45
88 9 46 93 6
38 59 72 62 77
43 84 10 16 39
30 93 97 49 94
77 83 44 73 72
85 58 85 58 93
58 92 40 68 80
58 82 68 15 35
45 12 62 92 32
72 89 76 31 59
86 81 60 16 31
83 20 65 56 86
3 4 91 42 52
14 93 63 32 7
91 12 67 85 99
27 75 26 2 20
17 35 57 39 95
13 58 22 39 21
21 70 67 79 63
82 9 70 86 73
91 79 30 35 97
11 29 57 30 49
88 45 67 10 77
99 27 29 42 83
8 71 63 77 73
6 89 77 69 94
71 21 28 47 35
53 78 73 83 89
2 4 63 8 9
2 17 20 27 29

neh:
2843
50 49 15 10 37 5 45 33 8 14 7 43 28 38 44 2 46 39 22 16 32 18 40 36 9 30 29 17 19 42 6 13 41 27 35 34 21 24 3 12 25 48 23 11 20 26 47 1 31 4

data.033:
50 5
38 5 26 66 93
23 13 40 41 95
13 36 84 74 48
1 54 84 62 71
10 76 74 70 30
76 40 39 30 22
49 67 65 66 3
2 31 15 11 22
81 35 71 51 82
43 48 92 43 35
51 85 44 32 56
71 41 27 23 14
29 82 93 20 88
44 95 2 1 41
26 15 55 54 4
27 24 44 55 52
27 77 55 65 17
56 6 23 22 95
21 79 25 99 15
76 36 1 97 85
88 18 51 21 12
9 21 12 63 11
33 34 47 45 24
6 42 98 70 71
40 74 41 41 46
64 46 18 6 59
5 1 44 70 16
5 88 72 33 33
7 29 88 97 53
5 95 60 32 22
76 67 29 28 49
63 41 99 54 44
35 98 2 63 76
94 31 17 16 88
65 25 79 12 45
25 70 6 2 52
6 62 29 50 31
87 45 89 48 66
60 59 4 34 17
33 68 70 75 68
67 22 10 45 99
81 81 79 2 78
93 44 64 39 87
98 80 92 4 45
9 88 42 46 78
94 25 79 11 51
49 93 56 66 87
27 61 94 59 4
62 1 26 28 45
90 97 93 74 9

neh:
2640
27 8 22 2 16 24 18 30 35 25 41 7 3 33 46 31 32 37 6 48 34 15 13 1 11 20 10 36 49 5 21 4 45 40 26 9 17 29 28 43 47 19 38 50 42 44 14 23 39 12

data.034:
50 5
37 77 91 91 5
5 64 36 7 73
8 66 63 40 99
37 33 69 92 23
71 47 83 47 83
65 67 29 49 9
13 61 33 87 89
35 99 97 76 94
52 54 1 49 84
63 66 74 41 97
58 57 74 29 99
13 65 53 27 43
69 24 74 14 71
35 30 54 68 86
9 95 21 9 51
90 40 41 69 22
57 85 92 94 2
90 46 2 51 60
55 46 83 64 17
36 55 63 67 81
84 39 87 47 6
31 22 37 66 40
50 41 64 27 32
44 41 65 49 82
38 40 40 92 63
12 19 77 74 50
57 56 1 59 74
70 16 12 36 36
92 48 54 79 56
1 38 39 16 10
72 25 24 43 24
94 2 79 4 82
96 99 47 3 90
78 67 80 11 29
30 94 40 13 99
46 50 44 95 38
60 26 58 64 7
95 54 20 38 77
82 67 50 32 50
94 57 16 76 4
62 18 99 66 11
7 8 22 37 73
51 81 33 28 16
44 49 60 7 27
31 96 87 2 98
40 18 55 88 30
29 50 70 92 51
78 46 93 58 77
57 22 52 24 54
42 48 41 2 92

neh:
2782
42 26 12 23 50 3 27 13 2 25 14 41 35 16 36 34 22 7 18 19 9 24 47 39 28 15 4 11 10 40 20 5 45 46 38 49 8 37 6 1 33 29 48 17 31 43 32 21 44 30

data.035:
50 5
17 33 98 90 75
43 98 90 93 68
13 67 4 35 39
20 81 39 65 71
41 43 79 66 31
94 72 76 10 43
18 32 53 48 5
28 66 77 81 32
8 97 10 27 6
71 36 2 49 56
82 36 97 61 56
42 67 31 73 72
90 1 62 60 23
76 47 28 88 95
62 87 74 42 50
95 12 60 62 53
74 91 53 28 27
80 21 74 55 8
33 6 88 58 18
91 6 11 55 81
35 1 88 90 57
80 38 92 61 54
79 69 7 73 99
68 77 80 3 20
97 3 67 74 10
98 75 27 94 19
3 64 21 30 18
22 53 43 81 53
52 18 59 9 73
80 10 30 87 10
32 97 17 58 74
75 18 4 42 93
78 48 7 59 22
36 70 21 48 75
46 60 83 29 84
16 75 44 83 9
36 94 70 60 27
93 14 30 83 32
39 53 39 76 51
19 90 35 43 83
95 19 8 90 70
91 42 6 14 13
49 86 92 84 1
35 15 39 10 81
93 58 55 15 13
11 7 34 38 98
93 65 98 90 58
6 40 47 80 28
96 51 99 19 3
19 61 16 15 21

neh:
2868
46 48 7 3 19 9 29 10 44 50 30 36 32 21 34 28 20 39 13 1 5 24 40 4 18 31 41 8 37 16 12 35 14 2 43 23 22 47 11 15 26 6 38 17 25 49 45 33 27 42

data.036:
50 5
12 26 27 52 24
72 89 97 30 57
29 86 53 62 68
16 10 16 8 58
22 16 36 45 76
61 72 28 77 70
69 96 50 90 72
71 47 41 52 56
86 9 42 39 56
16 56 86 95 55
54 8 2 86 89
53 69 45 15 23
64 87 86 98 42
96 84 43 59 26
79 62 92 22 87
68 52 73 43 17
98 82 99 85 38
87 66 84 93 24
40 67 83 6 82
74 33 61 46 55
22 3 7 51 47
23 53 8 97 7
47 95 62 79 99
55 42 3 46 89
21 59 21 71 20
90 77 50 18 65
68 38 71 33 3
14 12 95 13 45
42 1 70 3 89
41 66 60 32 96
40 24 4 28 16
63 17 58 48 42
23 58 16 8 70
75 71 30 42 69
4 88 80 26 77
31 63 71 26 46
87 60 59 95 20
25 86 75 44 71
47 8 52 74 91
70 8 25 82 8
1 44 86 28 34
49 99 48 4 72
59 80 53 42 40
11 76 54 81 82
93 94 98 56 60
38 75 36 38 59
5 63 9 50 59
43 57 78 12 43
82 76 80 43 72
33 34 88 51 10

neh:
2850
1 28 21 41 4 33 22 5 35 25 29 50 48 24 36 46 43 20 39 10 16 19 8 30 34 11 3 9 23 15 6 49 38 18 7 17 13 45 44 37 2 32 26 14 42 47 40 27 12 31

data.037:
50 5
82 6 49 57 34
73 49 25 88 31
84 84 46 88 15
63 72 37 43 32
14 39 56 25 45
73 51 50 81 50
84 77 9 3 81
9 59 62 3 46
38 97 10 78 93
67 5 89 97 13
76 83 66 74 47
18 51 98 71 50
70 9 10 50 70
69 9 70 70 21
4 59 92 23 41
58 30 36 43 12
66 86 82 51 18
11 49 54 97 28
1 46 34 57 22
51 13 34 77 60
38 45 5 90 69
16 51 12 58 49
81 68 3 75 38
39 82 56 4 80
56 6 44 12 52
83 99 41 2 45
27 12 14 4 34
29 8 25 28 3
93 36 78 54 61
70 24 25 39 96
64 82 89 30 99
22 73 83 71 49
84 66 78 89 78
25 69 23 33 34
73 71 51 85 78
81 70 7 2 79
10 61 20 69 64
46 42 30 20 55
32 77 30 64 63
38 10 30 94 24
68 2 63 3 58
40 6 82 41 25
33 24 40 37 93
79 97 39 36 73
64 15 37 74 45
36 91 44 53 93
62 32 2 49 37
82 68 27 77 64
44 17 71 13 92
99 1 45 37 59

neh:
2758
37 43 45 20 49 18 13 12 42 15 25 21 27 5 39 7 23 32 46 6 10 31 35 33 30 9 11 3 44 48 29 17 26 2 36 40 34 14 8 24 47 22 16 50 19 4 38 1 28 41

data.038:
50 5
9 80 28 70 55
19 54 58 1 39
86 73 52 23 86
38 83 11 18 40
71 15 21 42 92
82 5 97 96 2
12 27 49 2 65
20 20 55 52 91
37 75 16 49 67
22 24 4 82 92
97 73 82 4 55
85 88 60 67 40
93 17 5 77 1
33 24 52 24 81
69 53 42 68 2
70 86 61 37 78
29 10 87 28 25
48 30 89 65 27
28 71 76 93 46
76 5 46 68 61
91 11 32 18 46
54 97 18 6 59
71 10 3 49 16
36 84 60 67 41
13 58 34 93 65
44 47 69 3 75
27 69 47 10 69
23 80 95 80 68
95 49 92 44 68
15 74 70 26 23
25 37 71 83 30
88 94 73 4 29
46 51 58 50 37
5 1 17 74 64
38 9 26 14 44
74 16 39 8 69
21 89 60 67 36
36 2 72 18 9
21 80 93 60 45
4 38 27 3 8
96 94 27 43 50
78 93 63 31 10
7 89 59 59 46
72 95 76 69 83
80 95 97 13 91
38 63 85 46 79
17 17 57 53 39
98 98 49 27 83
88 2 60 28 36
78 19 30 63 28

neh:
2721
7 17 47 34 30 2 10 36 43 50 27 15 33 5 8 23 1 35 14 26 9 21 31 4 18 25 20 37 28 24 6 46 16 44 19 39 11 48 29 45 49 3 12 41 32 42 22 13 38 40

data.039:
50 5
34 24 20 65 47
40 85 61 39 62
22 19 69 68 11
6 94 28 40 6
50 59 69 82 21
64 65 35 31 60
48 42 17 29 82
74 8 59 17 2
67 10 16 69 31
22 15 54 44 27
26 96 6 19 81
13 63 18 29 34
24 30 2 60 7
54 20 4 27 6
22 31 80 93 53
9 94 45 35 19
28 35 2 17 28
48 84 18 1 63
83 83 83 99 29
85 53 21 96 34
79 57 41 1 96
78 25 51 62 39
40 71 85 84 19
15 22 56 42 45
95 31 88 60 64
75 35 40 42 72
73 40 20 66 26
41 76 16 1 59
52 14 22 1 51
71 48 98 31 74
84 42 56 41 3
73 11 69 62 11
25 92 90 83 96
41 68 9 74 50
74 55 81 38 23
15 88 65 56 43
58 52 38 57 36
55 36 75 54 52
47 62 60 45 9
12 42 81 39 44
36 51 59 85 32
48 68 94 40 2
96 10 3 21 78
47 38 19 84 83
64 29 15 17 69
5 56 29 24 47
24 23 94 65 17
78 71 48 98 35
59 45 39 90 45
4 98 3 46 30

neh:
2576
12 13 1 3 24 29 50 28 9 44 15 39 49 47 33 40 37 5 2 20 30 34 48 18 25 19 21 32 11 26 38 46 31 23 22 36 7 6 41 27 35 45 14 10 16 43 42 4 17 8

data.040:
50 5
24 51 8 59 67
1 57 54 85 99
57 82 15 73 57
86 47 47 87 47
35 82 73 87 93
9 14 33 89 35
55 79 73 48 32
8 57 35 57 77
93 88 45 59 28
11 79 75 73 75
39 22 83 66 95
10 72 12 95 15
84 58 59 61 18
80 78 95 13 97
59 18 96 79 37
37 48 75 88 53
80 72 62 19 97
69 38 44 18 73
13 71 43 21 60
19 82 30 33 39
25 61 47 11 48
92 73 36 8 9
45 50 65 8 17
14 56 85 83 83
73 95 1 13 10
85 16 71 89 2
75 6 13 63 66
96 7 54 64 50
33 86 2 53 36
17 21 82 28 45
76 27 16 17 86
96 44 15 2 8
4 64 14 77 47
16 32 49 61 52
9 46 68 73 98
66 37 28 69 22
46 39 87 23 55
64 96 85 56 62
3 44 90 78 23
93 70 17 65 82
74 41 54 85 32
29 56 59 99 20
68 44 25 52 38
38 27 23 78 23
86 41 60 8 40
90 66 60 58 55
50 87 68 51 79
11 42 70 43 66
64 7 80 52 97
4 54 4 41 29

neh:
2790
6 34 1 39 19 44 31 33 30 36 48 20 27 8 35 43 2 22 18 15 21 29 11 3 49 24 10 5 7 46 4 13 17 16 47 37 40 41 38 28 42 14 25 9 32 26 50 23 45 12
