data.061:
100 5
73 34 8 62 10
84 46 37 86 60
57 97 38 46 34
52 88 30 3 96
66 52 20 22 79
67 49 68 33 62
33 88 4 90 6
62 15 78 94 15
65 55 41 98 94
7 6 2 9 39
6 77 62 84 85
31 49 38 69 17
42 46 95 26 55
82 14 82 22 59
48 35 96 49 48
45 40 56 90 11
79 1 61 81 63
86 70 34 12 98
10 46 1 54 33
47 28 9 53 49
67 73 57 18 41
86 24 80 56 82
64 44 58 43 12
38 55 7 50 61
13 94 56 82 94
69 52 31 18 80
4 40 92 89 84
21 76 84 49 18
25 92 25 20 68
74 22 20 76 6
11 46 65 90 98
85 19 36 64 47
50 18 67 89 6
21 50 96 16 55
93 31 35 3 73
98 41 59 12 70
91 51 76 45 56
26 73 66 67 46
4 22 83 97 50
28 21 37 80 90
61 79 33 97 89
8 93 2 92 88
55 98 95 56 50
68 89 20 50 99
30 44 84 95 41
26 64 43 25 36
81 93 4 52 16
95 66 44 21 84
49 14 74 47 98
6 10 92 4 44
82 36 55 67 42
71 36 98 62 43
61 69 8 63 62
84 79 30 25 49
29 90 18 3 22
44 51 28 55 16
83 81 54 87 14
12 16 68 84 55
54 28 42 28 45
19 26 28 73 20
52 97 12 8 35
59 33 57 38 89
74 77 81 80 7
42 68 19 53 64
60 28 16 70 36
43 46 88 9 5
80 16 75 87 63
34 96 11 33 8
74 59 57 11 76
46 56 99 65 95
40 4 4 92 40
27 52 51 34 51
79 89 26 64 98
1 84 6 96 77
98 42 16 67 92
44 37 71 54 35
8 90 52 26 3
55 51 96 32 56
55 84 89 10 1
27 16 79 91 17
69 39 91 90 70
79 16 57 31 45
97 37 2 7 87
39 19 33 6 37
54 15 42 77 70
75 68 1 91 84
88 7 40 42 69
87 58 76 5 7
97 47 85 46 5
4 27 99 54 97
79 82 65 56 47
59 72 98 1 12
7 1 78 24 54
89 7 61 62 84
61 22 83 47 49
42 40 30 63 89
79 59 14 39 86
85 16 62 63 37
66 7 41 95 52
99 72 91 45 85

neh:
5519
10 93 84 19 60 50 71 68 46 56 65 72 24 40 29 58 12 35 33 34 5 7 77 87 64 26 32 96 85 90 21 14 53 95 74 98 13 4 99 28 80 39 3 62 47 54 15 97 16 69 83 38 6 36 49 31 45 78 18 42 89 51 17 94 27 11 52 48 25 67 8 92 44 2 22 9 91 37 70 76 73 79 88 86 41 81 43 75 100 57 82 63 59 23 61 20 30 66 1 55

data.062:
100 5
73 5 62 42 86
69 87 94 59 73
8 54 58 91 89
59 84 93 86 81
70 8 23 76 10
47 37 66 26 84
2 40 47 78 98
37 27 30 51 76
60 81 60 39 18
75 64 26 10 25
7 80 84 95 77
41 23 54 83 70
87 66 82 40 33
21 64 60 83 31
55 19 13 20 41
32 38 14 7 55
45 96 23 23 35
56 56 80 62 68
92 16 56 42 19
2 61 31 75 28
69 48 65 84 74
39 42 83 95 60
52 28 52 77 81
2 52 92 32 82
4 78 74 17 34
79 57 12 43 38
55 28 65 53 92
20 83 37 15 90
46 36 9 49 95
88 36 78 64 83
47 28 40 76 8
63 92 13 86 44
55 6 10 12 48
90 1 23 54 65
29 89 50 62 79
79 31 86 30 82
33 36 81 22 56
40 88 67 53 49
21 74 20 61 25
4 50 34 53 88
31 85 78 71 52
99 34 9 24 76
74 37 3 55 36
93 91 96 93 24
17 11 84 47 35
5 32 2 96 29
76 83 46 51 9
49 40 71 84 40
65 86 79 94 65
80 33 44 93 35
42 58 89 16 54
45 75 67 15 14
35 85 34 21 5
13 42 20 78 91
57 71 88 77 24
46 76 53 25 39
54 59 94 43 1
7 29 85 26 58
58 57 2 54 88
3 98 2 91 1
51 47 35 82 12
86 38 98 50 49
21 98 33 65 69
47 87 33 84 71
91 25 1 21 35
48 1 46 67 70
21 60 7 96 64
36 71 19 72 20
23 18 4 14 15
50 80 40 74 7
86 41 33 77 73
84 59 94 37 20
88 89 75 18 20
84 29 85 81 99
31 54 33 92 16
63 38 15 23 53
16 80 10 29 33
55 12 72 43 94
12 56 24 3 14
14 25 81 5 89
74 85 53 19 52
59 76 27 62 41
21 33 23 33 12
91 35 80 53 78
24 61 99 51 40
69 4 15 35 93
49 70 85 96 35
4 54 4 57 10
81 69 2 29 94
35 22 67 26 88
82 47 72 18 84
12 25 78 36 53
71 42 25 19 72
6 80 31 93 60
59 43 63 69 59
95 32 57 39 63
13 85 36 79 24
40 11 72 15 41
12 72 73 13 8
43 17 87 7 73

neh:
5348
46 83 16 33 60 98 15 88 76 77 86 45 20 80 5 25 10 29 92 65 39 58 53 43 8 69 31 100 68 37 93 40 79 66 7 61 34 90 54 67 6 51 70 42 57 19 14 59 24 26 9 3 1 28 12 94 78 47 85 89 48 56 23 95 27 22 11 81 91 32 36 35 71 55 97 96 41 50 18 38 87 63 84 21 74 64 4 17 30 2 49 44 62 82 13 72 73 75 52 99

data.063:
100 5
37 54 28 11 65
45 85 1 5 64
97 52 75 37 94
90 79 36 55 90
54 78 27 55 33
69 16 19 83 41
12 92 62 62 24
29 82 76 58 24
47 28 78 75 10
21 2 70 57 47
60 48 24 27 21
45 34 12 29 83
5 48 23 55 14
6 20 44 71 81
41 81 84 41 86
38 44 50 11 82
35 12 96 14 7
69 40 15 78 36
74 15 60 79 33
83 86 41 69 62
31 61 64 88 2
39 59 54 54 48
17 21 28 78 12
29 71 94 10 88
17 22 73 27 82
50 35 64 43 28
58 81 64 76 34
8 41 63 9 3
56 53 67 70 99
27 18 12 98 70
88 12 51 9 60
7 24 56 83 50
89 16 78 66 35
98 52 34 32 38
69 93 43 25 83
73 44 71 7 22
22 86 61 60 69
82 9 4 5 44
85 83 17 15 9
48 37 36 28 89
18 42 38 27 47
6 46 60 23 14
3 13 79 31 24
19 28 66 96 14
12 95 28 74 33
57 23 84 60 70
34 67 95 19 99
83 59 43 38 15
71 75 23 37 96
94 90 51 56 23
30 66 30 37 27
54 88 60 61 15
39 68 31 75 37
32 50 34 72 99
11 30 1 8 8
64 70 46 54 41
39 18 84 27 41
45 53 22 52 43
39 1 57 84 66
41 34 16 37 16
8 82 39 50 37
34 41 49 63 97
53 84 71 64 86
84 64 41 31 16
56 66 3 45 46
48 97 72 88 34
63 71 24 22 85
29 17 26 16 59
79 37 80 61 29
22 29 72 82 29
67 24 61 47 30
89 97 66 63 51
81 6 72 99 49
25 83 65 53 72
32 40 93 31 69
70 36 74 41 51
15 67 21 88 11
45 53 82 37 98
38 68 87 23 63
58 20 76 59 80
35 36 80 84 81
50 30 31 3 86
56 95 20 77 55
41 92 90 90 74
81 57 68 10 43
40 75 31 16 93
94 92 31 57 98
51 94 11 25 24
33 28 22 49 62
13 65 66 13 50
70 9 69 50 68
26 23 61 97 65
34 30 94 59 69
11 63 1 59 17
29 86 23 70 49
87 30 48 15 29
1 61 45 26 70
43 28 92 68 46
12 92 40 79 53
52 10 69 49 66

neh:
5219
94 68 82 28 41 89 17 1 38 97 51 42 11 12 30 10 25 23 90 61 96 58 32 43 2 77 57 65 31 14 70 16 45 40 100 86 62 39 59 19 75 95 34 22 67 91 21 88 6 92 79 18 54 81 99 44 24 53 56 80 13 46 60 74 37 69 47 49 93 35 78 50 83 73 15 33 29 84 20 52 4 98 3 66 76 63 72 8 85 87 27 71 7 26 5 9 64 48 36 55

data.064:
100 5
69 78 28 55 39
53 26 54 57 81
81 41 66 50 33
70 62 30 42 63
96 28 77 18 60
25 54 69 95 73
24 27 50 68 61
95 38 85 22 74
30 64 62 33 8
40 66 80 15 49
37 82 58 4 93
5 78 77 66 90
88 52 55 50 37
74 18 80 6 18
95 1 94 81 55
26 54 6 45 6
96 43 22 61 3
3 48 33 33 80
44 67 66 53 65
3 8 55 69 37
8 36 57 3 12
44 38 49 61 17
13 32 82 40 21
92 74 75 72 59
2 96 91 28 60
69 34 14 42 94
48 56 72 69 24
23 28 72 42 19
96 66 77 73 81
92 93 83 46 54
56 51 27 75 9
15 28 61 75 49
47 63 57 35 41
41 84 78 75 41
96 25 23 1 85
35 85 60 74 56
56 1 33 3 49
34 42 49 13 6
80 12 63 66 81
73 42 25 51 60
96 23 87 72 76
81 85 36 9 1
32 77 18 45 30
55 7 70 73 84
22 43 8 32 46
43 84 68 19 2
26 76 50 98 64
20 85 89 93 76
53 29 5 27 75
63 96 28 8 49
33 3 5 55 37
47 44 27 7 44
93 88 51 89 80
68 17 53 36 47
8 44 20 41 35
51 17 48 35 15
18 35 45 35 9
80 16 61 36 31
17 2 73 13 63
88 16 32 85 14
72 68 44 21 13
97 40 35 33 55
36 76 81 33 16
58 33 75 21 42
35 92 21 3 18
56 70 8 10 52
13 6 20 51 63
73 53 86 81 28
5 57 64 65 65
12 47 56 29 73
12 41 86 15 72
17 50 87 60 62
21 97 9 60 31
44 66 58 87 97
34 33 78 87 67
61 96 39 36 17
99 4 15 19 69
54 12 25 73 11
18 26 43 57 46
2 89 10 27 39
13 29 83 14 65
17 10 32 49 89
60 15 5 49 69
90 59 49 37 24
36 54 23 37 3
52 92 12 83 62
88 39 56 86 97
56 52 35 13 46
34 95 34 10 44
97 4 66 44 89
80 35 31 42 47
8 42 54 98 90
84 19 6 3 59
17 74 37 99 41
43 45 69 21 13
30 7 1 19 23
19 60 92 71 16
38 29 63 65 45
76 48 28 96 42
88 76 50 36 96

neh:
5023
21 96 51 57 37 67 20 45 59 80 23 52 79 28 49 78 18 95 66 82 9 83 81 7 92 88 70 31 54 32 73 64 98 33 10 40 26 69 27 2 11 89 3 1 43 44 6 4 65 39 85 16 15 55 90 75 12 19 74 68 100 47 41 48 36 8 87 94 5 53 29 34 24 30 62 25 35 84 17 71 86 72 58 76 99 13 22 97 91 63 50 60 46 61 42 77 14 93 56 38

data.065:
100 5
14 21 3 9 6
28 16 24 18 52
71 40 75 42 73
57 45 31 29 71
82 1 52 30 48
68 97 53 60 53
58 17 73 56 68
61 65 3 30 72
84 51 60 73 91
7 35 26 44 74
31 22 43 42 35
12 27 69 10 34
75 78 65 48 41
91 23 58 96 86
47 46 40 95 86
53 6 46 65 19
35 85 54 3 49
89 29 40 31 11
64 63 72 39 60
67 7 71 92 25
1 5 91 71 73
70 9 74 24 25
52 99 44 75 44
31 31 25 11 45
74 83 18 63 51
37 74 83 40 68
83 31 99 40 25
21 76 9 74 12
28 66 52 37 53
46 73 75 8 73
79 79 88 88 24
95 48 58 90 39
27 69 21 30 47
71 81 72 62 45
24 89 95 60 35
99 75 73 3 69
7 74 72 40 32
68 8 64 79 94
35 62 82 38 4
83 36 91 97 6
36 24 13 13 99
89 86 98 23 93
79 94 38 99 30
64 67 44 43 24
51 85 94 99 72
97 39 47 92 9
3 43 49 74 72
9 92 32 97 78
94 87 81 42 37
45 23 54 21 18
17 1 21 73 79
56 19 52 90 20
58 49 99 16 40
49 32 83 45 89
32 75 3 97 81
49 74 30 7 86
26 19 57 47 28
53 25 54 33 21
67 5 74 77 94
31 75 29 91 53
72 71 45 10 53
71 80 97 22 46
93 72 3 22 31
23 60 55 3 84
42 64 81 82 79
79 36 47 4 91
19 23 71 57 87
43 7 37 21 45
26 52 98 97 23
71 8 48 58 59
17 87 96 27 75
37 5 11 25 52
93 44 48 38 45
11 37 5 49 21
21 66 65 13 59
79 74 2 68 21
51 6 40 43 9
26 44 29 60 61
85 30 23 25 6
41 78 96 63 58
76 99 11 48 71
28 34 55 13 69
76 77 33 36 2
40 51 44 71 50
83 57 67 27 55
18 68 22 14 92
74 27 33 11 29
8 36 96 87 2
75 36 90 27 94
66 70 69 6 57
50 66 11 63 36
16 79 23 61 74
14 74 37 55 87
12 63 30 62 32
98 47 6 34 76
71 40 66 17 86
47 28 94 11 22
22 44 19 28 29
71 30 18 46 90
44 48 57 63 44

neh:
5266
12 2 98 24 74 77 41 51 21 68 50 11 87 57 58 10 94 82 97 86 5 75 16 78 79 72 64 47 8 88 4 29 44 33 70 67 92 84 99 7 28 69 56 20 93 60 27 96 55 100 85 54 71 73 25 15 59 35 65 81 40 62 95 48 38 34 9 45 42 43 89 23 14 80 13 6 32 26 31 19 3 46 30 49 52 36 18 91 37 90 61 66 53 17 76 39 63 22 83 1

data.066:
100 5
7 62 29 10 30
41 67 39 54 10
6 30 31 89 54
14 5 3 9 3
62 26 50 52 63
1 57 37 47 63
40 28 85 5 90
16 5 70 39 60
76 41 22 31 88
75 81 35 93 36
80 44 59 56 92
73 93 61 44 1
73 45 65 60 90
38 20 88 79 23
66 50 28 91 49
64 55 35 17 96
5 87 69 23 95
47 90 22 76 46
26 36 89 46 23
54 15 21 30 91
48 14 25 43 50
54 24 66 54 82
76 42 88 44 13
1 53 90 84 77
57 92 55 56 51
89 39 65 9 4
39 55 58 25 32
20 77 55 56 90
16 40 2 15 4
40 66 92 27 73
5 42 72 98 21
94 19 22 81 10
53 54 6 99 58
12 79 26 77 54
64 64 65 72 76
83 66 36 5 12
22 71 14 21 89
78 89 97 8 23
20 72 75 11 7
93 13 13 73 89
89 67 81 34 97
41 72 27 17 70
77 46 85 80 67
81 69 16 1 81
57 82 12 42 91
95 94 29 3 51
12 26 21 59 47
83 50 63 32 73
31 11 23 49 76
19 58 74 12 74
66 11 25 26 13
73 89 92 61 11
79 23 73 15 5
21 29 5 20 28
91 53 73 24 56
48 42 1 77 37
17 37 36 40 3
76 96 7 75 15
59 58 11 83 95
79 41 95 50 94
12 6 24 82 25
88 49 59 91 56
91 34 71 78 79
60 86 71 88 5
8 77 69 16 33
95 92 67 60 45
59 98 28 23 42
41 65 55 18 74
56 1 66 29 9
20 18 48 45 31
70 70 46 26 42
16 27 39 66 45
4 46 6 73 72
13 95 20 90 87
40 70 72 91 37
64 12 70 68 19
88 41 61 15 10
92 4 83 26 25
95 44 79 11 38
14 32 82 22 59
16 70 62 62 58
2 27 91 96 96
21 22 8 52 36
97 57 88 72 86
59 31 25 17 93
87 20 9 48 38
70 86 34 49 47
11 30 20 99 73
98 27 93 80 18
75 47 7 30 10
28 90 13 6 71
51 47 11 33 30
27 41 57 89 99
58 47 27 12 82
19 29 7 80 11
64 12 44 94 45
5 14 99 52 79
82 1 51 41 67
12 42 88 49 35
55 67 17 93 23

neh:
5139
54 49 70 1 47 29 21 69 20 83 73 8 39 90 92 72 6 4 86 80 61 53 91 56 37 3 85 88 95 97 57 27 42 98 50 34 31 78 44 7 68 67 5 99 26 100 71 9 96 82 14 17 33 12 46 22 40 76 28 23 16 51 24 65 48 59 64 30 25 93 10 52 45 11 87 13 35 62 58 63 43 55 75 60 74 77 15 41 2 19 79 81 18 84 66 89 38 94 32 36

data.067:
100 5
94 65 51 32 15
17 67 20 11 53
1 55 55 34 87
97 35 55 47 5
91 19 15 33 21
9 18 46 7 32
75 35 15 18 53
38 39 60 69 27
34 89 40 95 14
17 57 67 95 29
7 79 46 71 30
62 5 29 27 76
16 33 14 24 58
61 46 35 32 28
31 47 81 1 29
58 46 8 42 43
14 99 55 82 25
29 39 55 95 35
29 7 1 90 83
31 15 62 28 22
52 56 97 36 3
36 32 93 6 10
85 62 58 83 73
68 50 46 17 47
63 99 92 30 87
21 89 62 96 50
15 30 58 32 74
50 24 1 3 7
55 23 18 64 89
73 44 14 67 89
87 83 74 7 72
90 13 29 92 9
41 83 85 50 34
80 73 95 90 7
5 34 11 40 32
18 89 30 96 82
68 18 73 96 77
94 32 24 18 64
51 90 83 92 13
29 73 15 29 55
12 28 77 85 81
69 18 63 39 55
54 81 43 75 37
99 31 40 61 43
1 2 98 10 99
82 3 17 99 39
99 78 89 21 25
87 99 18 85 17
61 71 54 54 13
24 8 33 33 65
54 88 66 52 60
7 76 97 96 70
77 33 61 64 22
78 66 51 22 62
86 3 2 2 37
83 31 51 85 95
65 8 72 49 87
77 63 33 82 18
98 53 46 91 31
33 89 83 13 75
92 63 17 62 23
15 49 16 56 48
59 60 93 63 18
22 53 63 53 5
79 70 39 88 63
44 9 55 95 1
99 16 28 71 25
19 79 78 75 6
32 93 68 21 29
81 69 76 18 27
57 4 48 59 10
53 95 64 17 29
48 87 87 11 53
97 49 26 80 87
3 79 14 51 39
70 14 48 31 46
21 4 78 77 18
51 20 82 84 44
14 10 33 20 24
41 28 22 16 86
91 4 45 19 65
75 91 49 16 45
35 63 90 73 52
54 66 82 12 95
9 25 73 97 22
25 12 70 92 97
27 36 95 65 71
97 94 99 52 31
20 19 64 22 46
20 49 97 62 54
23 19 73 26 59
46 18 44 41 90
76 18 68 56 72
34 53 88 32 65
86 49 21 54 84
30 29 58 60 20
99 42 25 85 17
9 59 1 66 51
91 48 27 10 57
81 3 15 37 72

neh:
5259
79 35 50 13 20 62 89 98 77 64 96 75 7 45 16 80 12 40 19 91 2 14 66 85 76 81 86 11 24 8 99 18 21 100 69 46 27 3 29 10 49 67 42 68 92 53 94 9 61 78 41 17 44 87 60 30 63 26 95 83 37 52 39 84 51 74 65 56 25 23 34 88 31 36 93 47 48 57 59 90 33 54 43 82 58 73 97 70 4 72 1 38 32 15 5 71 22 55 6 28

data.068:
100 5
26 51 23 59 22
23 52 10 60 34
92 40 85 61 10
67 67 83 68 54
41 87 27 72 6
58 4 42 12 8
3 78 87 46 29
3 50 84 27 6
37 87 1 45 60
69 81 45 60 97
91 29 65 31 97
20 25 2 99 82
40 64 86 34 59
14 79 26 25 39
31 73 14 43 4
36 91 43 96 16
51 5 58 58 46
87 32 40 40 84
47 78 43 63 27
74 14 82 62 60
49 12 25 17 86
21 74 21 74 9
47 21 66 99 91
39 79 93 16 75
80 30 32 13 26
2 3 63 64 37
7 73 65 47 17
98 90 77 47 21
23 4 40 36 41
17 1 78 39 31
26 60 76 57 47
19 37 65 82 49
94 86 74 22 20
33 96 59 17 47
18 85 48 17 32
94 54 7 9 4
68 75 89 11 77
68 77 82 96 44
18 88 89 14 90
16 73 44 2 1
94 1 70 25 3
24 1 7 8 34
67 7 92 68 35
14 27 87 89 69
39 86 44 10 46
29 65 34 18 85
73 11 25 64 85
64 36 49 79 51
9 38 68 71 62
82 99 21 16 98
36 17 86 95 72
44 23 61 24 62
33 44 4 30 18
65 32 32 59 97
10 84 9 93 36
1 12 64 8 31
26 60 47 97 94
53 74 28 98 68
65 16 55 45 79
22 90 47 82 85
64 68 54 81 14
74 44 8 75 91
76 99 89 31 73
13 95 8 59 26
68 65 36 25 53
93 63 88 23 1
15 78 14 71 43
74 61 2 64 85
32 67 17 88 77
74 10 51 21 79
50 91 25 78 78
25 81 39 67 26
30 38 73 8 75
9 35 45 37 52
41 65 70 24 25
35 14 50 96 21
19 80 87 26 95
89 42 95 62 23
42 58 7 88 80
2 52 21 68 77
59 95 57 63 84
27 30 46 41 4
7 45 5 82 76
53 6 98 86 30
43 31 62 9 91
40 11 39 40 41
53 5 30 12 51
67 47 35 93 68
98 35 87 13 67
33 56 7 37 8
16 4 49 70 66
5 85 60 95 53
53 40 72 76 60
39 99 86 30 76
60 61 4 1 13
52 9 54 60 90
28 9 24 89 5
20 13 31 48 1
84 15 86 39 47
93 67 9 8 78

neh:
5120
56 29 21 83 86 74 42 91 64 87 52 80 17 27 85 76 35 73 67 8 9 30 22 46 70 45 12 6 49 75 1 65 96 14 2 59 36 41 90 25 79 43 54 31 69 57 26 7 34 48 18 32 13 68 62 47 44 93 16 100 24 19 84 72 15 39 5 89 77 71 51 88 20 97 33 11 92 37 60 23 58 78 94 81 4 3 10 38 63 28 50 61 95 99 55 82 66 53 98 40

data.069:
100 5
31 28 55 71 32
37 1 91 85 28
48 98 82 53 73
7 12 92 10 30
22 29 84 54 72
18 18 54 61 56
95 31 60 86 83
98 93 21 11 21
21 13 32 79 33
79 84 11 15 40
99 26 26 47 51
81 27 60 54 73
65 94 71 78 15
55 60 94 54 87
46 91 85 44 12
56 23 25 69 69
93 35 10 40 7
88 52 16 95 2
43 28 23 35 91
52 87 21 78 70
68 8 14 62 26
11 95 65 93 16
69 8 75 70 82
27 47 24 8 16
65 75 46 84 97
85 99 54 43 99
55 85 69 59 28
49 50 28 44 56
3 15 93 30 29
53 75 76 77 67
25 64 82 77 69
29 41 71 34 68
33 49 63 80 78
35 16 85 37 87
56 40 16 88 73
89 64 22 9 87
36 65 81 73 98
50 64 43 98 28
30 26 96 13 60
9 87 8 19 54
53 89 50 53 99
29 55 78 88 52
26 43 71 39 7
55 11 46 23 68
62 83 81 11 40
93 75 95 17 27
31 14 6 6 12
13 52 36 3 49
62 86 17 1 60
76 14 46 74 61
41 10 54 87 48
82 45 10 77 49
1 90 82 25 31
1 46 91 26 58
65 49 30 13 92
65 55 93 3 16
23 27 15 78 57
33 70 17 45 42
7 71 34 29 82
14 69 19 7 46
74 62 14 60 35
81 90 45 62 94
60 30 4 61 33
35 91 64 95 85
73 76 14 39 71
83 55 3 53 70
24 68 65 78 87
42 77 69 6 43
61 77 48 25 23
9 1 2 10 28
67 48 51 71 79
55 34 7 7 13
58 48 13 28 89
48 59 70 96 45
38 5 76 42 75
55 74 91 63 85
30 77 87 98 86
76 4 96 35 34
47 93 14 93 20
4 87 31 60 47
3 74 78 89 11
57 81 22 84 14
32 29 50 80 30
62 6 36 8 81
61 18 86 59 29
72 16 83 53 64
67 84 32 58 73
59 75 54 64 94
57 80 98 88 29
80 38 21 66 8
97 34 94 72 84
73 11 72 72 33
75 13 66 81 18
58 84 96 11 95
74 17 2 75 70
32 53 26 90 85
87 19 4 90 15
6 93 54 42 93
47 71 25 96 62
65 66 27 7 74

neh:
5489
70 9 4 24 47 48 60 84 72 57 6 43 19 63 75 53 49 95 28 51 58 29 40 44 73 21 2 59 16 34 93 81 100 83 54 80 55 1 11 5 98 65 35 85 96 32 23 45 79 33 86 12 67 68 50 20 36 38 87 66 71 37 74 52 94 92 99 61 42 56 41 78 31 88 77 30 14 22 3 25 7 76 89 46 62 64 91 13 26 39 82 27 15 8 18 69 10 97 90 17

data.070:
100 5
88 43 2 95 20
11 9 10 10 5
99 81 40 84 96
20 83 22 34 32
63 90 98 26 33
67 44 85 76 79
79 60 11 32 35
91 70 94 50 4
13 85 49 44 22
77 11 57 36 13
13 88 47 18 64
52 44 65 25 9
84 97 22 28 55
73 96 21 81 92
61 28 18 57 85
27 93 72 48 20
67 28 72 79 86
5 95 25 14 57
3 94 41 88 49
13 6 31 8 61
89 52 82 85 50
58 23 91 69 26
55 33 57 60 16
1 2 89 74 87
79 60 51 66 32
74 42 5 7 49
14 59 4 24 27
71 45 30 92 9
13 5 26 57 92
60 76 78 85 93
1 45 53 54 43
55 26 43 33 62
75 44 58 86 19
88 47 92 61 27
78 11 80 16 2
80 81 64 33 82
15 82 6 14 61
93 68 70 5 10
98 6 94 85 43
40 87 34 83 94
27 20 98 94 59
65 32 28 46 56
65 35 64 67 82
70 7 62 74 17
63 61 43 81 42
54 4 47 10 34
42 71 6 9 29
82 70 11 75 80
94 11 43 70 32
4 49 22 92 14
34 54 41 25 49
91 63 83 97 53
50 91 43 45 43
50 79 48 23 31
11 5 65 84 22
3 81 85 20 97
38 99 15 26 91
50 4 86 54 10
90 10 90 82 95
97 19 59 20 72
79 24 81 55 10
45 15 17 2 36
20 66 83 62 87
22 48 61 93 76
51 96 2 5 10
83 4 83 14 70
60 82 37 65 12
50 74 57 16 11
3 21 85 27 81
1 69 4 34 50
13 83 55 80 97
63 64 23 62 96
67 22 78 37 84
19 1 62 28 8
21 7 83 4 18
89 34 69 28 40
83 93 27 92 84
60 70 94 64 98
83 31 55 10 91
67 86 20 30 71
71 74 19 6 81
60 71 48 58 83
25 5 34 77 47
26 45 90 53 82
82 76 62 50 1
60 99 90 99 63
54 41 93 19 31
26 28 97 20 22
97 80 86 69 59
30 54 22 15 96
21 99 69 19 19
71 12 18 30 56
12 57 89 35 91
13 13 75 90 64
47 46 80 50 52
95 97 35 52 97
90 90 21 49 56
67 59 7 73 17
61 65 68 73 18
23 82 47 19 15

neh:
5341
20 74 27 62 75 55 50 65 92 29 83 31 90 26 69 9 32 23 98 42 24 68 44 11 54 87 28 91 15 81 94 56 49 67 60 18 61 57 73 72 22 33 93 79 19 43 99 80 84 4 64 100 51 58 1 95 63 71 66 97 12 48 34 88 82 40 17 30 13 39 5 53 14 59 86 41 16 96 6 45 78 76 77 3 25 89 36 52 21 8 37 85 38 7 10 70 35 47 46 2

