data.021:
20 20
50 78 36 85 9 75 46 73 71 7 49 3 60 12 75 31 70 20 88 9
90 56 43 88 92 64 94 3 49 40 49 53 88 47 19 61 78 78 30 41
39 9 10 60 98 96 6 56 36 33 15 59 15 46 60 47 41 38 34 22
34 43 19 98 44 95 19 73 87 64 18 7 26 17 87 32 9 26 33 34
66 84 55 4 51 22 20 80 8 5 65 65 11 43 27 34 47 64 21 83
81 73 48 99 8 41 51 82 25 25 55 58 16 16 48 69 94 62 7 55
27 66 85 53 31 26 85 36 76 89 1 24 55 91 72 32 26 11 94 3
48 38 70 21 15 33 92 98 73 95 79 55 59 94 88 1 65 38 10 8
46 83 82 33 47 68 43 90 80 58 10 26 81 73 48 1 17 68 73 75
68 57 39 53 31 9 75 46 6 83 37 40 53 89 59 80 42 37 85 30
48 97 91 63 80 81 70 10 6 28 77 89 92 12 74 19 59 74 82 57
92 52 82 18 83 28 70 46 33 35 80 94 23 58 86 57 80 9 62 65
78 77 85 45 20 61 36 65 79 74 79 51 55 25 49 98 7 65 99 89
84 13 17 29 84 69 31 83 10 5 84 74 79 24 94 37 75 16 67 60
93 12 6 43 69 37 76 75 93 6 93 54 13 55 15 31 63 38 61 90
39 2 54 41 49 57 63 47 65 9 21 86 89 1 95 51 96 85 10 84
43 65 87 80 93 36 89 61 26 3 85 22 2 67 41 66 7 50 4 74
1 93 85 4 39 80 46 28 73 2 64 83 17 3 94 38 10 62 70 17
65 39 4 31 13 96 25 59 42 35 46 19 97 1 15 62 47 39 31 2
87 1 72 19 88 74 88 22 18 41 35 44 41 71 71 72 38 97 49 19

neh:
2410
16 15 10 8 9 12 13 11 5 1 20 14 17 2 18 6 7 19 3 4

data.022:
20 20
94 3 39 1 63 86 44 19 55 67 98 30 21 63 75 20 57 73 71 38
43 18 23 92 96 36 25 82 46 66 79 63 18 20 56 50 28 11 18 4
6 43 28 83 50 19 85 12 68 66 44 88 98 70 87 37 27 38 93 40
47 41 31 43 12 71 86 70 15 32 90 79 59 12 52 68 51 53 74 98
45 83 86 3 15 8 73 6 55 8 22 44 17 1 77 23 42 79 30 22
51 62 19 3 11 77 58 64 74 30 72 54 29 75 78 64 95 40 86 8
73 27 85 51 33 8 95 3 42 92 84 12 42 72 93 15 94 56 50 31
49 75 90 5 7 6 13 4 40 40 42 15 19 79 65 10 35 60 12 41
31 52 77 38 4 40 50 29 88 13 46 3 17 48 21 20 26 25 6 25
58 58 4 37 58 39 39 43 68 79 72 89 49 77 35 15 42 54 80 91
19 18 85 44 27 24 24 40 67 19 98 84 71 16 1 19 31 78 96 95
36 1 81 66 7 82 55 77 67 29 12 23 25 60 15 92 26 78 10 83
54 61 9 31 7 69 58 88 8 27 14 4 22 47 52 63 14 53 95 38
75 67 52 8 54 82 79 74 13 18 6 32 84 67 94 69 75 39 17 93
7 55 67 79 31 39 42 13 74 42 70 60 50 45 10 15 6 50 98 62
5 72 77 42 94 52 98 13 47 86 1 70 46 67 61 94 86 64 29 87
82 16 45 85 25 85 44 17 3 30 41 20 60 35 8 94 32 67 13 27
20 12 7 92 8 48 16 45 95 41 60 43 31 55 79 54 92 15 64 33
31 87 21 89 61 22 13 2 36 27 51 2 64 26 40 45 71 24 56 58
32 21 26 29 51 57 74 22 46 50 82 52 53 32 29 51 63 74 81 26

neh:
2150
18 3 11 4 5 13 1 12 16 19 15 6 14 10 20 17 7 9 8 2

data.023:
20 20
46 98 7 64 11 3 53 67 63 87 37 69 36 74 40 83 49 8 47 86
52 2 2 2 99 1 87 28 91 29 16 91 3 28 62 87 3 11 74 30
79 85 44 16 37 58 88 88 11 2 42 38 58 78 25 38 94 7 26 92
45 44 38 35 50 85 10 23 6 18 47 25 10 43 24 38 76 54 61 94
97 7 24 53 56 33 32 91 31 75 94 87 98 98 30 86 95 72 95 66
10 73 76 40 69 71 38 71 63 39 14 7 6 83 1 67 48 57 55 47
44 19 85 81 22 58 25 3 36 77 94 66 44 91 73 23 4 85 11 3
24 69 61 26 56 56 24 26 39 69 34 54 62 27 27 19 37 22 42 41
85 12 32 85 67 64 90 41 57 15 72 86 24 6 16 97 82 87 72 41
75 73 90 4 63 43 7 96 47 78 36 49 94 82 91 78 57 65 14 47
66 85 61 4 96 48 11 51 56 68 88 3 79 60 33 66 61 22 8 89
49 23 87 10 74 69 49 24 65 37 51 48 93 44 11 67 6 29 98 28
95 53 51 63 4 96 2 21 59 22 41 44 68 43 99 7 97 99 90 39
61 16 25 96 42 35 76 57 4 41 71 93 75 76 2 23 5 25 36 80
19 88 73 55 40 82 17 69 10 92 94 37 37 99 60 67 27 98 75 47
47 8 93 71 30 53 32 51 12 67 99 82 44 66 90 8 95 55 69 57
84 26 28 66 93 64 39 50 62 24 11 31 34 11 36 77 46 80 26 74
13 42 90 94 36 11 9 51 43 87 97 59 39 35 62 71 92 82 24 38
11 58 94 7 25 61 83 21 49 91 44 78 76 52 15 85 46 33 55 59
19 63 59 15 87 36 69 19 54 31 77 33 62 8 3 29 52 68 98 5

neh:
2411
5 19 4 20 11 13 1 9 16 8 15 17 18 3 12 2 10 14 6 7

data.024:
20 20
74 60 98 54 85 31 14 92 28 51 64 48 30 84 9 93 71 72 33 85
15 62 79 41 65 73 32 39 70 6 96 6 94 24 1 44 34 65 95 47
51 9 24 7 90 51 43 99 27 75 13 34 52 84 66 2 40 20 7 54
4 59 25 98 43 29 30 47 4 81 9 22 49 16 57 87 57 67 34 31
36 28 57 75 61 29 92 20 60 35 17 12 32 87 90 93 29 61 6 31
61 61 38 24 39 25 64 84 55 34 19 78 61 22 61 23 78 69 34 83
65 81 81 57 82 44 72 32 92 22 52 87 30 51 90 92 99 19 62 28
25 53 50 32 95 64 16 66 55 62 1 24 6 27 60 51 88 63 97 70
55 86 49 56 94 85 38 85 49 90 54 87 33 87 40 5 40 50 7 49
70 77 19 8 58 92 91 79 81 65 86 10 33 87 38 32 40 68 18 27
18 19 14 52 64 23 61 83 19 8 90 46 42 34 25 69 35 7 8 40
81 67 59 63 41 26 10 3 8 57 26 16 87 99 15 92 57 93 39 37
22 52 36 97 36 2 10 44 36 14 16 11 55 37 89 21 56 58 86 55
3 17 5 95 26 36 72 34 32 19 39 73 13 14 5 77 65 31 58 59
48 80 46 55 98 94 29 79 79 28 51 24 39 59 81 95 63 97 35 46
74 11 62 19 39 53 28 51 84 17 4 16 20 13 16 17 48 89 12 25
82 91 98 91 5 72 64 29 52 6 18 68 9 17 28 47 24 5 50 34
19 61 4 62 87 79 61 40 61 49 35 14 57 33 58 1 40 98 44 84
84 55 39 29 87 58 42 63 92 79 65 92 83 31 98 13 20 41 81 72
83 2 90 56 31 91 80 40 31 76 5 93 2 18 90 73 21 81 89 32

neh:
2262
14 3 18 5 2 8 12 4 6 11 20 15 13 1 7 19 16 10 17 9

data.025:
20 20
72 72 79 95 1 90 37 92 94 15 8 62 89 96 89 54 46 94 40 28
47 45 55 67 83 30 32 82 82 50 35 44 99 47 93 68 88 91 58 23
52 73 95 93 17 88 42 95 24 27 46 89 23 39 74 26 61 88 85 59
40 94 46 90 69 69 3 18 98 12 25 20 34 43 2 47 6 56 69 85
49 76 59 73 72 51 5 85 74 59 41 21 68 45 54 51 33 94 67 4
86 28 89 63 61 7 79 27 98 97 50 72 23 13 60 44 17 13 41 14
75 58 16 25 67 26 33 92 93 38 24 96 31 95 57 21 21 33 6 53
26 98 40 36 83 5 79 77 80 83 46 73 14 89 21 34 27 68 24 14
37 65 28 7 89 1 56 68 25 84 1 34 77 27 65 61 57 27 65 70
29 7 51 26 99 90 96 46 99 54 16 10 97 71 70 52 4 74 20 76
34 77 80 86 5 40 57 57 19 79 65 99 11 43 27 73 14 81 12 41
86 1 95 50 47 78 23 61 34 51 81 46 60 24 93 45 86 11 9 50
96 75 41 80 84 68 19 4 12 93 9 66 21 3 8 45 72 74 4 88
36 46 18 48 76 31 24 58 55 95 82 42 25 22 35 3 10 27 70 58
55 61 14 12 68 91 25 94 71 66 26 33 56 76 9 68 39 51 98 29
41 93 65 57 36 23 73 50 21 12 38 70 86 38 99 46 19 36 10 66
97 79 26 34 30 55 69 31 5 80 77 95 11 82 60 60 71 58 87 19
74 23 5 4 38 14 24 25 61 20 96 57 2 94 38 8 61 39 35 64
55 71 7 99 62 44 19 34 37 28 65 40 77 25 43 6 72 48 90 77
61 46 75 20 61 22 5 80 22 86 43 19 98 72 14 70 94 46 61 25

neh:
2397
10 9 19 11 15 13 5 2 3 18 17 4 20 12 14 1 16 6 8 7

data.026:
20 20
66 21 45 56 49 39 13 34 22 53 40 17 72 50 99 50 26 99 61 1
41 63 2 14 44 12 36 18 56 71 62 92 33 82 53 4 50 48 55 54
74 45 39 88 76 45 6 4 63 98 8 90 71 16 52 20 4 41 2 94
62 70 4 41 88 34 22 65 56 99 13 58 68 17 9 19 8 40 55 63
70 41 46 4 45 11 44 58 79 54 87 19 94 68 8 58 60 76 78 91
30 6 11 52 52 71 65 35 82 20 40 97 82 65 50 22 60 89 27 27
66 70 66 17 31 53 87 86 92 62 27 80 46 92 62 56 80 42 13 55
11 33 59 95 66 28 50 34 19 18 44 28 78 37 14 92 38 90 20 74
51 97 28 15 17 93 96 49 45 81 41 67 37 47 21 59 51 61 38 77
43 32 74 85 68 61 51 88 32 60 70 59 69 70 88 34 25 25 75 77
32 28 93 12 99 61 48 42 11 1 10 9 7 66 7 17 97 27 23 81
23 54 95 11 78 78 89 79 59 93 94 92 34 30 85 39 73 60 61 29
20 63 48 24 87 13 69 25 22 8 25 7 69 7 62 59 46 79 37 91
1 16 71 71 45 49 83 18 14 92 10 19 18 37 10 7 82 50 43 20
54 12 30 46 78 15 22 75 88 60 36 82 98 5 61 59 92 15 69 99
55 2 22 59 51 31 26 45 82 87 87 60 8 52 92 2 42 65 2 27
65 50 3 16 87 93 29 54 82 11 37 60 58 86 47 70 65 80 44 30
22 48 22 33 4 83 67 19 71 24 86 58 86 36 77 72 12 67 25 85
99 34 82 53 45 20 70 80 8 11 76 74 77 29 37 90 34 70 12 5
97 75 35 22 9 1 59 15 13 98 70 70 50 4 96 56 23 94 31 4

neh:
2349
18 6 8 20 16 9 17 4 13 15 10 2 14 5 1 3 7 12 11 19

data.027:
20 20
77 52 47 40 72 90 89 91 15 34 87 47 56 68 94 57 57 12 22 99
3 83 86 56 88 70 59 42 91 18 36 40 33 87 36 79 56 72 35 78
60 50 85 42 83 23 43 79 46 67 48 49 58 7 45 74 15 17 89 42
92 2 2 73 38 28 77 6 51 15 1 23 99 21 26 21 51 91 4 88
17 9 43 98 8 50 83 56 64 34 81 3 85 91 4 69 30 75 71 54
38 48 56 74 20 33 36 13 19 64 59 84 64 39 37 39 82 60 43 50
45 68 90 49 33 42 40 66 98 71 57 4 40 25 20 41 92 20 34 54
92 37 41 32 63 69 85 74 34 5 82 40 55 77 55 76 76 23 24 83
20 57 55 48 44 36 60 21 54 82 49 36 58 58 15 84 36 83 39 36
33 19 12 57 43 80 65 7 9 84 12 13 99 96 81 20 5 93 44 41
14 59 99 71 33 37 78 7 10 38 62 90 38 65 82 7 18 41 40 80
39 20 36 65 34 25 44 29 20 91 95 57 39 1 81 40 63 99 97 45
66 25 90 73 82 87 15 23 46 55 9 3 5 83 74 26 82 74 1 14
93 64 12 19 22 41 55 11 4 1 39 3 30 57 68 28 45 54 98 96
37 92 15 12 58 34 49 36 90 4 90 66 2 4 14 93 51 10 61 45
44 6 38 20 78 54 77 50 88 71 41 74 97 36 78 81 16 61 7 65
21 24 19 29 61 51 5 91 71 49 33 28 33 77 93 25 15 40 77 17
77 29 95 39 67 52 72 10 50 31 53 80 75 94 69 82 39 96 95 27
90 6 24 38 43 90 97 81 23 18 67 59 31 11 79 60 72 18 68 77
63 64 98 28 64 22 46 87 50 44 17 39 68 41 63 25 70 85 54 54

neh:
2362
10 12 16 14 5 19 18 6 7 17 4 2 11 15 20 8 9 3 1 13

data.028:
20 20
74 63 8 21 14 19 71 50 24 54 77 67 20 72 34 17 23 91 1 26
45 31 75 7 7 41 1 4 63 6 22 98 6 90 85 92 21 75 6 83
23 40 82 73 95 6 99 96 60 15 15 98 45 94 40 35 26 53 71 66
20 47 34 24 49 6 44 12 99 98 46 47 67 90 99 54 20 59 16 61
6 21 68 59 23 44 47 57 84 88 51 65 22 36 97 5 52 6 97 54
21 8 61 62 67 28 30 70 92 31 26 65 13 6 24 49 73 68 31 25
83 14 55 23 86 68 70 76 34 12 45 58 60 28 55 97 92 30 32 62
47 60 19 76 68 44 35 88 45 31 59 13 31 86 34 75 62 58 71 16
42 64 47 35 75 29 29 4 85 48 24 33 72 20 60 15 53 12 14 30
54 59 2 2 11 85 99 77 88 74 13 53 68 44 80 89 82 93 92 62
88 16 83 60 18 56 96 56 46 80 50 2 49 62 44 25 84 26 86 67
92 66 28 62 57 53 46 58 69 26 86 10 64 37 83 8 41 13 53 36
42 77 31 67 57 23 58 94 30 51 12 34 3 65 56 75 2 65 61 70
70 38 37 4 75 81 95 78 94 50 60 41 18 55 88 50 77 79 55 31
13 41 84 13 69 3 14 47 58 7 78 77 19 44 37 28 50 38 15 30
23 79 17 12 33 16 24 63 65 34 79 40 30 48 27 34 31 52 96 7
30 49 10 91 68 40 54 78 53 20 64 82 57 68 58 28 83 90 50 13
45 68 33 43 34 53 25 53 86 55 56 80 83 58 3 63 33 58 4 41
96 62 57 82 19 62 2 78 72 64 35 98 9 70 46 59 71 28 55 44
71 47 4 83 15 45 66 37 41 27 57 89 1 97 39 97 29 88 17 76

neh:
2249
4 2 16 10 20 5 1 14 6 7 3 11 17 19 13 12 8 18 15 9

data.029:
20 20
1 6 10 28 69 95 90 87 80 60 17 13 66 79 79 6 43 3 36 67
96 36 65 13 34 75 38 32 10 70 74 98 30 12 93 73 45 69 98 96
21 74 39 74 10 24 20 8 63 38 87 79 89 96 25 64 46 38 7 70
57 53 99 18 91 3 85 17 14 94 39 20 45 78 61 30 9 61 3 89
7 25 77 71 98 83 49 54 89 94 14 57 44 29 59 30 10 8 5 5
34 68 39 11 60 67 37 43 65 30 28 68 91 28 20 99 42 54 82 45
72 37 50 17 3 88 29 3 43 50 12 17 18 14 92 61 43 90 41 38
12 42 14 27 86 75 84 65 44 17 49 27 67 52 1 26 46 3 2 79
80 68 75 89 55 28 93 33 28 43 88 25 94 27 35 38 7 5 63 73
99 74 28 14 95 65 99 36 39 28 91 36 41 51 97 46 15 25 56 99
28 93 92 13 73 54 44 70 59 33 53 67 78 46 79 76 32 31 85 33
80 39 74 40 65 65 39 18 91 48 40 73 27 98 37 65 80 38 85 1
30 75 20 97 24 34 18 19 70 48 1 34 15 97 72 51 4 36 25 84
15 54 70 70 22 17 40 76 24 81 55 47 55 38 76 39 73 35 98 79
95 10 43 96 5 51 24 7 96 50 39 65 28 78 89 23 42 52 58 44
19 60 6 13 67 98 98 34 1 86 35 79 28 89 7 71 98 13 16 39
12 15 77 66 39 94 61 66 92 23 99 31 26 67 79 63 24 78 99 16
59 75 25 77 58 22 72 72 79 95 17 54 98 91 85 94 25 31 61 50
66 71 68 2 4 57 21 16 57 3 69 56 98 51 40 62 13 8 21 39
51 22 83 41 30 37 76 95 88 80 67 33 77 62 24 87 38 62 26 55

neh:
2320
1 17 11 8 2 13 14 18 7 3 16 9 10 6 15 4 12 19 20 5

data.030:
20 20
55 74 99 34 59 20 94 12 76 12 97 50 5 76 84 4 75 79 18 99
56 41 82 67 33 35 43 8 4 78 44 71 87 5 21 24 39 35 85 52
21 10 14 16 71 25 68 15 45 58 93 27 66 59 4 88 38 97 7 21
77 36 14 83 49 81 77 21 25 13 11 86 33 52 37 53 72 68 2 41
83 69 63 64 22 19 42 75 23 22 74 24 2 16 72 7 26 93 93 69
43 1 67 32 6 4 75 84 77 53 69 58 32 14 86 35 50 29 20 88
11 21 16 43 68 42 17 29 3 92 60 20 43 3 17 45 83 94 50 80
64 72 46 67 14 58 85 15 20 7 95 12 16 1 96 45 15 14 95 83
59 37 28 37 36 18 54 26 49 62 83 61 96 24 38 43 71 84 3 4
37 54 91 79 17 19 83 83 35 94 97 57 22 47 43 31 13 29 30 99
96 88 69 31 30 73 30 38 29 8 37 34 17 19 13 58 94 35 44 59
27 65 34 41 83 14 52 32 59 81 86 64 75 76 81 88 16 13 97 47
9 97 9 3 94 44 89 13 14 5 61 43 31 13 12 52 28 51 13 92
63 71 7 11 53 13 54 10 94 24 68 94 62 67 57 99 17 49 7 11
82 13 43 71 30 11 74 23 11 98 87 37 76 7 62 87 95 40 72 73
31 90 62 21 74 55 86 28 17 85 19 13 30 7 87 47 65 11 49 31
27 88 29 26 24 91 27 42 80 75 12 28 8 14 90 32 84 98 83 70
67 39 70 98 47 51 22 68 70 57 39 2 34 99 94 24 93 61 75 15
82 46 28 39 76 42 24 78 20 37 85 82 35 5 94 99 98 19 63 57
65 89 62 73 28 47 11 39 25 96 6 10 73 11 81 22 65 53 47 19

neh:
2277
6 3 17 8 19 15 12 9 10 16 1 2 13 5 7 18 4 11 20 14